chr1	569583	570490	TCF12	220.89	2	0.00
chr1	822947	824074	TCF12	134.90	2	0.00
chr1	900833	901994	TCF12	169.02	3	0.00
chr1	940296	941244	TCF12	126.41	2	0.00
chr1	941376	942956	TCF12	190.78	2	0.00
chr1	949029	950128	TCF12	140.08	2	0.00
chr1	1155368	1156409	TCF12	172.28	3	0.00
chr1	1187705	1188681	TCF12	221.38	5	0.00
chr1	1689431	1690506	TCF12	207.50	4	0.00
chr1	1891480	1892382	TCF12	161.99	3	0.00
chr1	2070971	2071999	TCF12	94.42	2	0.19
chr1	3181264	3182283	TCF12	144.03	2	0.00
chr1	3795478	3796827	TCF12	80.51	2	0.58
chr1	4382884	4383844	TCF12	139.75	3	0.00
chr1	6167540	6168711	TCF12	123.52	2	0.00
chr1	9618493	9619636	TCF12	124.80	2	0.00
chr1	9885002	9886492	TCF12	124.38	2	0.00
chr1	10430994	10431849	TCF12	116.82	2	0.00
chr1	10535314	10536336	TCF12	140.14	2	0.00
chr1	11112268	11113240	TCF12	112.72	2	0.00
chr1	11565051	11566071	TCF12	95.34	2	0.20
chr1	11795441	11797049	TCF12	107.81	2	0.00
chr1	12039601	12040629	TCF12	84.37	2	0.44
chr1	12078716	12080003	TCF12	126.38	2	0.00
chr1	15676472	15677582	TCF12	191.36	3	0.00
chr1	16141794	16142825	TCF12	78.17	2	0.72
chr1	16364644	16365620	TCF12	125.50	3	0.00
chr1	16459124	16460089	TCF12	154.81	2	0.00
chr1	16499277	16500885	TCF12	125.60	2	0.00
chr1	16531978	16532912	TCF12	103.71	2	0.08
chr1	16677897	16678901	TCF12	122.83	2	0.00
chr1	16729158	16730019	TCF12	119.42	2	0.00
chr1	16795356	16796418	TCF12	111.70	2	0.00
chr1	17379771	17380816	TCF12	88.26	2	0.23
chr1	19404349	19405316	TCF12	103.48	2	0.08
chr1	19614090	19615083	TCF12	123.30	2	0.00
chr1	19761136	19762098	TCF12	100.04	2	0.07
chr1	19990391	19991305	TCF12	130.39	2	0.00
chr1	20975251	20976180	TCF12	78.44	2	0.72
chr1	21022447	21024021	TCF12	189.68	2	0.00
chr1	22350244	22351253	TCF12	94.50	2	0.19
chr1	24017926	24019487	TCF12	127.81	2	0.00
chr1	24462634	24463637	TCF12	108.85	2	0.00
chr1	25557712	25558797	TCF12	83.40	2	0.49
chr1	26077349	26078398	TCF12	125.59	3	0.00
chr1	26097865	26098895	TCF12	90.03	2	0.18
chr1	26200891	26201936	TCF12	118.78	2	0.00
chr1	26496085	26497406	TCF12	191.43	2	0.00
chr1	27248085	27249093	TCF12	86.61	2	0.23
chr1	27428835	27430085	TCF12	128.28	2	0.00
chr1	27479558	27481769	TCF12	241.25	2	0.00
chr1	28099070	28100277	TCF12	108.38	2	0.00
chr1	28188799	28190292	TCF12	277.12	2	0.00
chr1	28562295	28563829	TCF12	156.25	2	0.00
chr1	28584929	28586098	TCF12	88.12	2	0.23
chr1	28656017	28657047	TCF12	67.33	2	1.86
chr1	28764127	28765102	TCF12	93.58	2	0.19
chr1	28879638	28880633	TCF12	150.62	2	0.00
chr1	30811240	30812217	TCF12	71.48	2	1.31
chr1	32230135	32231268	TCF12	120.86	2	0.00
chr1	32429352	32430286	TCF12	95.46	2	0.20
chr1	32681230	32682273	TCF12	116.46	2	0.00
chr1	32796683	32797750	TCF12	146.54	2	0.00
chr1	33116822	33117783	TCF12	74.73	2	0.89
chr1	33825207	33826278	TCF12	122.65	2	0.00
chr1	33961661	33962743	TCF12	88.80	2	0.24
chr1	34108484	34109697	TCF12	74.68	2	0.89
chr1	34937857	34938816	TCF12	102.70	2	0.08
chr1	35931413	35932827	TCF12	86.06	2	0.28
chr1	36022774	36023799	TCF12	104.98	2	0.00
chr1	36347544	36348560	TCF12	107.27	3	0.00
chr1	36772502	36773588	TCF12	142.29	3	0.00
chr1	36784623	36785608	TCF12	184.79	3	0.00
chr1	36929197	36930763	TCF12	268.72	2	0.00
chr1	37159172	37160377	TCF12	133.98	2	0.00
chr1	37526653	37527598	TCF12	121.38	2	0.00
chr1	37945143	37946477	TCF12	100.24	2	0.07
chr1	38061212	38062584	TCF12	69.77	2	1.44
chr1	40662507	40663532	TCF12	145.83	2	0.00
chr1	40903858	40904863	TCF12	100.39	2	0.07
chr1	40974334	40975316	TCF12	89.61	2	0.18
chr1	41418027	41419044	TCF12	90.49	2	0.18
chr1	41980805	41981791	TCF12	89.14	2	0.24
chr1	42366050	42367117	TCF12	103.37	2	0.08
chr1	42631114	42632509	TCF12	96.25	2	0.20
chr1	42636348	42637444	TCF12	84.04	2	0.50
chr1	43736954	43738043	TCF12	82.96	2	0.49
chr1	44011368	44012314	TCF12	149.61	2	0.00
chr1	44456362	44457531	TCF12	113.09	2	0.00
chr1	44521072	44522203	TCF12	83.23	2	0.49
chr1	45240388	45241541	TCF12	162.19	2	0.00
chr1	45264895	45266109	TCF12	491.68	5	0.00
chr1	45292928	45293927	TCF12	164.22	2	0.00
chr1	45595880	45596835	TCF12	75.41	2	0.80
chr1	46048755	46050136	TCF12	139.06	2	0.00
chr1	46150372	46154211	TCF12	243.74	2	0.00
chr1	47656817	47659058	TCF12	182.35	2	0.00
chr1	49227352	49228348	TCF12	92.92	2	0.19
chr1	51536966	51538470	TCF12	174.87	2	0.00
chr1	51762985	51764130	TCF12	91.05	2	0.18
chr1	52063365	52064384	TCF12	96.54	2	0.20
chr1	52202972	52203920	TCF12	89.85	2	0.18
chr1	52386057	52387289	TCF12	67.95	2	1.68
chr1	52830273	52831307	TCF12	89.18	2	0.24
chr1	53895395	53896411	TCF12	169.68	3	0.00
chr1	54481264	54482983	TCF12	132.50	2	0.00
chr1	55264974	55266230	TCF12	152.56	2	0.00
chr1	56155312	56156327	TCF12	85.82	2	0.34
chr1	59483895	59485020	TCF12	93.19	2	0.19
chr1	59755541	59756578	TCF12	125.20	2	0.00
chr1	59885704	59886729	TCF12	90.24	2	0.18
chr1	62150841	62151857	TCF12	79.33	2	0.73
chr1	64152090	64153308	TCF12	135.59	3	0.00
chr1	64189419	64190344	TCF12	96.60	2	0.20
chr1	64934984	64936128	TCF12	119.47	2	0.00
chr1	67388550	67389732	TCF12	153.34	2	0.00
chr1	68315677	68317010	TCF12	210.45	2	0.00
chr1	71736159	71737149	TCF12	110.45	2	0.00
chr1	72465994	72466991	TCF12	75.27	2	0.80
chr1	74092459	74093748	TCF12	140.32	3	0.00
chr1	84719720	84721241	TCF12	110.39	2	0.00
chr1	86725271	86726230	TCF12	92.36	2	0.19
chr1	91965851	91967289	TCF12	81.46	2	0.58
chr1	92906735	92908033	TCF12	118.58	2	0.00
chr1	97470188	97471212	TCF12	75.89	2	0.80
chr1	98832370	98833572	TCF12	104.03	2	0.00
chr1	108248582	108249660	TCF12	80.58	2	0.58
chr1	110162418	110163421	TCF12	108.56	2	0.00
chr1	110677904	110678646	TCF12	139.82	3	0.00
chr1	110709117	110710133	TCF12	142.62	3	0.00
chr1	112162834	112163702	TCF12	86.06	2	0.28
chr1	113683079	113684143	TCF12	184.80	2	0.00
chr1	113997323	113998483	TCF12	114.24	2	0.00
chr1	114471065	114472277	TCF12	144.37	2	0.00
chr1	114980763	114981794	TCF12	128.06	2	0.00
chr1	118366750	118367735	TCF12	100.58	2	0.07
chr1	145588902	145590195	TCF12	119.24	2	0.00
chr1	145726303	145727543	TCF12	182.28	2	0.00
chr1	149907548	149909386	TCF12	131.41	2	0.00
chr1	151118875	151119910	TCF12	107.77	2	0.00
chr1	151685624	151686670	TCF12	87.78	2	0.23
chr1	151904205	151905448	TCF12	52.13	2	6.27
chr1	153550228	153551174	TCF12	165.00	3	0.00
chr1	153605655	153606742	TCF12	108.03	2	0.00
chr1	153893965	153894865	TCF12	124.45	2	0.00
chr1	154546767	154548134	TCF12	162.60	3	0.00
chr1	154916062	154917178	TCF12	94.26	2	0.19
chr1	155657723	155658601	TCF12	157.22	3	0.00
chr1	156095838	156097147	TCF12	129.81	2	0.00
chr1	156241728	156242707	TCF12	99.13	2	0.07
chr1	156307250	156308739	TCF12	130.18	2	0.00
chr1	156520193	156521225	TCF12	114.31	2	0.00
chr1	156698485	156699674	TCF12	112.29	2	0.00
chr1	156721774	156722872	TCF12	134.01	2	0.00
chr1	157002320	157003451	TCF12	122.41	2	0.00
chr1	157614862	157615765	TCF12	81.60	2	0.58
chr1	160109658	160110676	TCF12	110.78	2	0.00
chr1	160386585	160387607	TCF12	144.32	2	0.00
chr1	171750044	171752095	TCF12	244.50	2	0.00
chr1	175865738	175866665	TCF12	102.48	2	0.08
chr1	175889823	175890714	TCF12	115.12	2	0.00
chr1	181046022	181047013	TCF12	118.04	2	0.00
chr1	181102758	181105104	TCF12	205.17	2	0.00
chr1	182644195	182645226	TCF12	95.02	2	0.20
chr1	184019977	184020862	TCF12	163.13	2	0.00
chr1	184416262	184417288	TCF12	90.13	2	0.18
chr1	189494741	189496088	TCF12	130.20	3	0.00
chr1	192778022	192778857	TCF12	156.49	2	0.00
chr1	193769334	193770348	TCF12	139.97	2	0.00
chr1	195037537	195038436	TCF12	134.69	2	0.00
chr1	199788988	199789829	TCF12	120.05	2	0.00
chr1	201082468	201083937	TCF12	170.08	2	0.00
chr1	201297423	201298367	TCF12	110.30	2	0.00
chr1	201987595	201988974	TCF12	148.66	2	0.00
chr1	201991872	201992807	TCF12	129.59	2	0.00
chr1	201998274	201999487	TCF12	112.01	2	0.00
chr1	202082530	202083482	TCF12	99.40	2	0.07
chr1	202161736	202162886	TCF12	135.60	2	0.00
chr1	202174379	202175327	TCF12	84.47	2	0.44
chr1	202431067	202432377	TCF12	109.62	2	0.00
chr1	202623478	202624661	TCF12	113.94	2	0.00
chr1	202699526	202700517	TCF12	77.23	2	0.76
chr1	203097600	203098700	TCF12	106.90	2	0.00
chr1	203275761	203276702	TCF12	96.13	2	0.20
chr1	204132072	204133056	TCF12	125.67	2	0.00
chr1	204857241	204858205	TCF12	78.38	2	0.72
chr1	205919555	205920578	TCF12	141.88	2	0.00
chr1	208010686	208011717	TCF12	108.27	2	0.00
chr1	212096924	212097962	TCF12	111.31	2	0.00
chr1	213030633	213031639	TCF12	113.82	2	0.00
chr1	213138944	213139963	TCF12	117.20	2	0.00
chr1	221871765	221872764	TCF12	119.65	3	0.00
chr1	223261380	223262260	TCF12	86.97	2	0.23
chr1	223401378	223402252	TCF12	121.13	2	0.00
chr1	223651329	223652202	TCF12	153.65	2	0.00
chr1	225965686	225966809	TCF12	157.25	2	0.00
chr1	226374374	226375147	TCF12	107.69	2	0.00
chr1	226427195	226428207	TCF12	127.11	3	0.00
chr1	227138293	227139310	TCF12	101.23	2	0.07
chr1	227750904	227752496	TCF12	123.32	2	0.00
chr1	228052974	228053997	TCF12	83.06	2	0.49
chr1	228328039	228329490	TCF12	198.61	4	0.00
chr1	228640070	228641192	TCF12	117.02	2	0.00
chr1	228674057	228675069	TCF12	105.34	2	0.00
chr1	228945348	228947066	TCF12	187.81	2	0.00
chr1	230465783	230466808	TCF12	119.28	2	0.00
chr1	231831923	231832967	TCF12	97.88	2	0.07
chr1	232736337	232737500	TCF12	101.90	2	0.08
chr1	232991912	232993103	TCF12	172.11	3	0.00
chr1	233250448	233251433	TCF12	82.79	2	0.49
chr1	234113150	234114225	TCF12	101.78	2	0.07
chr1	234793497	234794498	TCF12	154.23	2	0.00
chr1	235126376	235127368	TCF12	121.08	2	0.00
chr1	235256339	235257572	TCF12	202.35	2	0.00
chr1	238889465	238890543	TCF12	150.98	2	0.00
chr1	239754396	239755371	TCF12	162.86	2	0.00
chr1	245421629	245422638	TCF12	93.45	2	0.19
chr1	246016527	246017565	TCF12	159.44	2	0.00
chr1	246893575	246894619	TCF12	100.00	2	0.07
chr1	248884638	248885664	TCF12	106.08	2	0.00
chr10	1033408	1034820	TCF12	112.44	2	0.00
chr10	3458291	3459269	TCF12	100.34	2	0.07
chr10	3473221	3474636	TCF12	88.07	2	0.23
chr10	4268873	4270134	TCF12	82.21	2	0.53
chr10	4426446	4427610	TCF12	107.35	2	0.00
chr10	5377739	5379253	TCF12	72.40	2	1.22
chr10	5929846	5931204	TCF12	90.53	2	0.18
chr10	7442950	7444114	TCF12	66.87	2	1.95
chr10	11465470	11466557	TCF12	116.80	2	0.00
chr10	11963715	11964652	TCF12	95.08	2	0.20
chr10	12083179	12084238	TCF12	77.54	2	0.71
chr10	15099288	15100154	TCF12	104.50	2	0.00
chr10	15630466	15631583	TCF12	113.03	2	0.00
chr10	17242840	17244290	TCF12	106.00	2	0.00
chr10	19651809	19653011	TCF12	81.11	2	0.58
chr10	22099490	22100493	TCF12	62.94	2	2.54
chr10	24527806	24528925	TCF12	138.64	2	0.00
chr10	27388766	27389750	TCF12	158.17	2	0.00
chr10	28687864	28689063	TCF12	158.79	3	0.00
chr10	29290730	29291860	TCF12	130.57	2	0.00
chr10	30003968	30004859	TCF12	140.53	3	0.00
chr10	31531190	31532202	TCF12	109.53	2	0.00
chr10	31872952	31873973	TCF12	107.90	2	0.00
chr10	32451532	32452589	TCF12	153.48	2	0.00
chr10	33060864	33061774	TCF12	109.08	2	0.00
chr10	33247374	33248395	TCF12	92.54	2	0.19
chr10	33541662	33543310	TCF12	127.16	2	0.00
chr10	35052910	35053956	TCF12	104.13	2	0.00
chr10	35507051	35508172	TCF12	128.24	2	0.00
chr10	35620308	35621422	TCF12	99.28	2	0.07
chr10	38870530	38873175	TCF12	69.97	2	1.45
chr10	44468588	44469580	TCF12	98.64	2	0.07
chr10	46168744	46169782	TCF12	103.93	2	0.00
chr10	46962083	46962806	TCF12	170.06	4	0.00
chr10	50626513	50627682	TCF12	102.26	2	0.08
chr10	60194829	60195894	TCF12	109.10	2	0.00
chr10	61346930	61348222	TCF12	111.68	2	0.00
chr10	61352822	61353676	TCF12	86.30	2	0.28
chr10	63711379	63712763	TCF12	181.37	2	0.00
chr10	70165911	70166826	TCF12	130.24	2	0.00
chr10	72236564	72238005	TCF12	123.62	2	0.00
chr10	72350374	72351298	TCF12	107.21	2	0.00
chr10	73005846	73007308	TCF12	153.48	2	0.00
chr10	76761600	76762606	TCF12	94.85	2	0.20
chr10	76981783	76982955	TCF12	89.93	2	0.18
chr10	79840575	79841573	TCF12	158.39	2	0.00
chr10	80097573	80098549	TCF12	105.06	2	0.00
chr10	81176456	81177529	TCF12	117.90	2	0.00
chr10	82043253	82044213	TCF12	107.07	2	0.00
chr10	88625105	88626109	TCF12	83.80	2	0.49
chr10	88719673	88720804	TCF12	92.48	2	0.19
chr10	89418145	89419307	TCF12	156.93	2	0.00
chr10	92862973	92864007	TCF12	154.41	2	0.00
chr10	93168624	93169898	TCF12	100.56	2	0.07
chr10	95314259	95315359	TCF12	120.67	2	0.00
chr10	97239201	97240212	TCF12	82.98	2	0.49
chr10	98134182	98135165	TCF12	95.40	2	0.20
chr10	98185803	98187095	TCF12	125.76	2	0.00
chr10	98205078	98206051	TCF12	106.59	2	0.00
chr10	98478979	98480112	TCF12	128.73	2	0.00
chr10	99596061	99597035	TCF12	171.99	2	0.00
chr10	101355055	101356075	TCF12	76.32	2	0.81
chr10	102057729	102058654	TCF12	110.48	2	0.00
chr10	102821436	102822436	TCF12	75.99	2	0.80
chr10	102901475	102902439	TCF12	102.07	2	0.08
chr10	103589855	103591685	TCF12	276.88	2	0.00
chr10	104473310	104474734	TCF12	144.13	2	0.00
chr10	104749858	104750888	TCF12	106.11	2	0.00
chr10	105881667	105882624	TCF12	82.80	2	0.49
chr10	110948644	110949589	TCF12	116.24	2	0.00
chr10	112935942	112937329	TCF12	126.95	2	0.00
chr10	114375336	114376308	TCF12	81.66	2	0.58
chr10	114395390	114396582	TCF12	78.50	2	0.72
chr10	115052060	115053098	TCF12	101.80	2	0.07
chr10	116112286	116113580	TCF12	119.03	3	0.00
chr10	118976203	118977289	TCF12	144.98	3	0.00
chr10	120807393	120808184	TCF12	117.76	2	0.00
chr10	120937344	120938353	TCF12	158.24	3	0.00
chr10	122187767	122188684	TCF12	100.66	2	0.07
chr10	123002807	123003840	TCF12	115.52	2	0.00
chr10	124331452	124332408	TCF12	91.76	2	0.19
chr10	124670873	124672284	TCF12	94.46	2	0.19
chr10	124754441	124755550	TCF12	150.92	2	0.00
chr10	126230781	126231798	TCF12	85.60	2	0.34
chr10	126354341	126355285	TCF12	128.21	2	0.00
chr10	126356710	126357750	TCF12	145.15	2	0.00
chr10	126397068	126398557	TCF12	140.93	2	0.00
chr10	126789608	126790704	TCF12	87.53	2	0.23
chr10	127226083	127227041	TCF12	108.84	2	0.00
chr10	128814088	128815126	TCF12	119.04	2	0.00
chr10	129986934	129987825	TCF12	111.68	2	0.00
chr10	132722244	132723380	TCF12	131.18	2	0.00
chr10	132820225	132821273	TCF12	155.22	3	0.00
chr10	134272134	134273214	TCF12	135.13	2	0.00
chr10	135380160	135381121	TCF12	104.32	2	0.00
chr11	236426	237378	TCF12	84.00	2	0.49
chr11	354989	356019	TCF12	75.26	2	0.79
chr11	448164	449074	TCF12	134.55	3	0.00
chr11	796659	797689	TCF12	75.26	2	0.79
chr11	809019	809990	TCF12	238.15	3	0.00
chr11	1055136	1056178	TCF12	99.38	2	0.07
chr11	1224386	1225378	TCF12	138.69	2	0.00
chr11	1331228	1332255	TCF12	84.48	2	0.44
chr11	1594593	1595690	TCF12	167.77	3	0.00
chr11	2023498	2024637	TCF12	129.19	2	0.00
chr11	2057450	2058598	TCF12	215.39	5	0.00
chr11	2232021	2233154	TCF12	126.09	2	0.00
chr11	2293354	2294436	TCF12	151.01	3	0.00
chr11	2397406	2398397	TCF12	110.33	2	0.00
chr11	2420511	2422160	TCF12	253.52	2	0.00
chr11	2429516	2430281	TCF12	173.88	3	0.00
chr11	2719528	2720560	TCF12	101.79	2	0.07
chr11	2923600	2926285	TCF12	375.75	2	0.00
chr11	3818937	3819871	TCF12	119.06	2	0.00
chr11	3862681	3863903	TCF12	94.07	2	0.19
chr11	4606431	4607284	TCF12	119.42	2	0.00
chr11	8114010	8115088	TCF12	104.85	2	0.00
chr11	8123660	8124535	TCF12	135.60	2	0.00
chr11	8301016	8302005	TCF12	110.58	2	0.00
chr11	10472606	10473975	TCF12	182.04	2	0.00
chr11	12620180	12621244	TCF12	99.61	2	0.07
chr11	13180495	13181566	TCF12	84.94	2	0.39
chr11	13509185	13510046	TCF12	112.30	2	0.00
chr11	13690715	13691670	TCF12	131.43	2	0.00
chr11	13985109	13986258	TCF12	178.07	2	0.00
chr11	16943874	16946164	TCF12	188.12	2	0.00
chr11	17808927	17810101	TCF12	124.61	2	0.00
chr11	21911798	21912806	TCF12	81.98	2	0.53
chr11	32256390	32257581	TCF12	127.00	3	0.00
chr11	33089772	33090825	TCF12	82.70	2	0.48
chr11	33332051	33333431	TCF12	100.83	2	0.07
chr11	34096282	34097235	TCF12	75.64	2	0.80
chr11	34255421	34256700	TCF12	64.46	2	2.32
chr11	34262768	34264144	TCF12	149.07	2	0.00
chr11	35588819	35589890	TCF12	76.24	2	0.80
chr11	43379924	43380861	TCF12	101.41	2	0.07
chr11	44307418	44309059	TCF12	173.24	2	0.00
chr11	44528159	44529159	TCF12	96.17	2	0.20
chr11	45126517	45127837	TCF12	92.04	2	0.19
chr11	45742500	45743491	TCF12	83.00	2	0.49
chr11	46390628	46391629	TCF12	122.28	2	0.00
chr11	46624749	46625790	TCF12	88.36	2	0.23
chr11	47198652	47200153	TCF12	143.88	2	0.00
chr11	48003003	48003948	TCF12	85.71	2	0.34
chr11	57211915	57212888	TCF12	112.60	2	0.00
chr11	57335386	57336424	TCF12	88.71	2	0.23
chr11	57509125	57510152	TCF12	116.33	2	0.00
chr11	58529928	58531076	TCF12	124.16	2	0.00
chr11	60531039	60532078	TCF12	138.14	2	0.00
chr11	60618218	60619470	TCF12	130.82	2	0.00
chr11	61520201	61521605	TCF12	168.82	3	0.00
chr11	61665451	61666139	TCF12	172.03	3	0.00
chr11	62103831	62104835	TCF12	91.98	2	0.19
chr11	62413162	62414294	TCF12	142.47	2	0.00
chr11	62591241	62592195	TCF12	120.86	3	0.00
chr11	63448440	63449471	TCF12	92.39	2	0.19
chr11	64008904	64010003	TCF12	84.16	2	0.50
chr11	64012664	64013869	TCF12	147.09	2	0.00
chr11	64014296	64015014	TCF12	97.02	2	0.20
chr11	64032845	64034089	TCF12	213.83	3	0.00
chr11	64073324	64074587	TCF12	119.92	2	0.00
chr11	64510463	64511673	TCF12	198.54	3	0.00
chr11	64643946	64645172	TCF12	175.42	2	0.00
chr11	64645217	64646035	TCF12	126.51	2	0.00
chr11	64691411	64692296	TCF12	78.61	2	0.72
chr11	64863031	64864163	TCF12	62.41	2	2.54
chr11	64883283	64884714	TCF12	122.03	2	0.00
chr11	64889112	64890547	TCF12	202.47	2	0.00
chr11	64902850	64904324	TCF12	81.49	2	0.58
chr11	65067762	65068776	TCF12	117.86	2	0.00
chr11	65189870	65191476	TCF12	139.33	2	0.00
chr11	65628332	65629302	TCF12	107.23	2	0.00
chr11	65650617	65651554	TCF12	110.05	2	0.00
chr11	66056558	66057956	TCF12	53.85	2	5.58
chr11	66079020	66080214	TCF12	95.15	2	0.20
chr11	66461482	66462526	TCF12	91.82	2	0.19
chr11	66510165	66511216	TCF12	97.04	2	0.20
chr11	66679795	66680898	TCF12	99.65	2	0.07
chr11	66821905	66823464	TCF12	103.12	2	0.08
chr11	67014967	67016058	TCF12	98.33	2	0.07
chr11	67057008	67058259	TCF12	268.54	4	0.00
chr11	67074293	67075518	TCF12	151.53	2	0.00
chr11	67119983	67121443	TCF12	53.18	2	5.90
chr11	67137973	67138980	TCF12	96.86	2	0.20
chr11	67231055	67232130	TCF12	114.53	2	0.00
chr11	67797731	67798761	TCF12	90.03	2	0.18
chr11	68082304	68083200	TCF12	113.85	2	0.00
chr11	68138163	68139151	TCF12	115.78	2	0.00
chr11	68341249	68342496	TCF12	65.73	2	2.09
chr11	68609537	68610502	TCF12	82.47	2	0.54
chr11	68828155	68829113	TCF12	130.79	2	0.00
chr11	68868573	68869582	TCF12	77.51	2	0.71
chr11	69170015	69171348	TCF12	100.85	2	0.07
chr11	69207462	69208490	TCF12	93.36	2	0.19
chr11	69451814	69453067	TCF12	164.75	3	0.00
chr11	70005296	70007053	TCF12	188.33	2	0.00
chr11	70079322	70080524	TCF12	208.08	3	0.00
chr11	72193056	72194082	TCF12	101.33	2	0.07
chr11	72296304	72297389	TCF12	150.71	2	0.00
chr11	72488028	72489056	TCF12	97.74	2	0.07
chr11	72535309	72536437	TCF12	100.23	2	0.07
chr11	72852143	72853159	TCF12	107.27	2	0.00
chr11	72994294	72995587	TCF12	162.22	2	0.00
chr11	73758246	73759117	TCF12	139.88	2	0.00
chr11	73881680	73884125	TCF12	241.87	2	0.00
chr11	74565079	74566088	TCF12	105.42	2	0.00
chr11	74990925	74992344	TCF12	181.14	2	0.00
chr11	75047483	75048574	TCF12	101.45	2	0.07
chr11	75230274	75231293	TCF12	91.27	2	0.18
chr11	75481338	75482252	TCF12	94.14	2	0.19
chr11	75918046	75920031	TCF12	380.04	4	0.00
chr11	75935289	75936321	TCF12	105.37	2	0.00
chr11	76540870	76542014	TCF12	124.67	2	0.00
chr11	77300781	77301983	TCF12	128.81	2	0.00
chr11	86176560	86177641	TCF12	108.52	2	0.00
chr11	93522808	93523881	TCF12	121.31	2	0.00
chr11	93733725	93734745	TCF12	106.79	2	0.00
chr11	93901728	93903039	TCF12	65.40	2	2.13
chr11	93919471	93920408	TCF12	85.80	2	0.34
chr11	94981434	94982624	TCF12	83.29	2	0.49
chr11	95523076	95524518	TCF12	140.14	2	0.00
chr11	95735410	95736529	TCF12	119.64	2	0.00
chr11	95810806	95812334	TCF12	115.23	2	0.00
chr11	102534540	102535527	TCF12	107.64	2	0.00
chr11	105867448	105868447	TCF12	91.55	2	0.19
chr11	111807871	111808811	TCF12	86.32	2	0.28
chr11	113561081	113562150	TCF12	175.96	2	0.00
chr11	114209165	114210196	TCF12	88.91	2	0.24
chr11	115031518	115032505	TCF12	112.79	2	0.00
chr11	115168647	115169826	TCF12	115.13	2	0.00
chr11	115375248	115376162	TCF12	108.54	2	0.00
chr11	118617409	118618306	TCF12	104.35	2	0.00
chr11	118788299	118789770	TCF12	85.58	2	0.34
chr11	118991152	118993520	TCF12	221.61	2	0.00
chr11	120320915	120321955	TCF12	103.75	2	0.00
chr11	120432755	120433705	TCF12	120.71	2	0.00
chr11	121394457	121395439	TCF12	86.77	2	0.23
chr11	124660755	124662036	TCF12	170.89	2	0.00
chr11	126173969	126174945	TCF12	106.43	2	0.00
chr11	126232544	126233757	TCF12	269.72	3	0.00
chr11	126530196	126531044	TCF12	133.25	2	0.00
chr11	128524258	128525321	TCF12	106.65	2	0.00
chr11	129475850	129476916	TCF12	153.58	2	0.00
chr11	129937679	129939344	TCF12	244.04	3	0.00
chr11	131068106	131068988	TCF12	135.75	2	0.00
chr11	131565869	131566844	TCF12	110.34	2	0.00
chr11	134122277	134123382	TCF12	90.17	2	0.18
chr12	2861208	2862180	TCF12	125.22	2	0.00
chr12	3419730	3421249	TCF12	110.95	2	0.00
chr12	3447943	3449328	TCF12	89.64	2	0.18
chr12	3450213	3451215	TCF12	82.65	2	0.48
chr12	3699403	3700378	TCF12	79.61	2	0.73
chr12	6417048	6418496	TCF12	70.21	2	1.45
chr12	6420073	6423304	TCF12	358.09	2	0.00
chr12	6901404	6902664	TCF12	84.08	2	0.50
chr12	6934403	6935814	TCF12	112.60	2	0.00
chr12	9479061	9479828	TCF12	111.45	2	0.00
chr12	16628065	16629295	TCF12	161.89	2	0.00
chr12	26461302	26462320	TCF12	76.54	2	0.81
chr12	31079768	31081027	TCF12	101.52	2	0.07
chr12	32804137	32805041	TCF12	93.56	2	0.19
chr12	32835438	32836353	TCF12	101.32	2	0.07
chr12	33373716	33374712	TCF12	98.16	2	0.07
chr12	38448306	38449381	TCF12	75.81	2	0.80
chr12	44285987	44287236	TCF12	63.26	2	2.46
chr12	45669131	45670722	TCF12	68.08	2	1.63
chr12	48365935	48367336	TCF12	149.87	2	0.00
chr12	48478767	48479844	TCF12	75.60	2	0.80
chr12	49207272	49209053	TCF12	133.98	2	0.00
chr12	49350976	49352426	TCF12	55.66	2	4.47
chr12	49462721	49464386	TCF12	95.74	2	0.20
chr12	49725703	49726652	TCF12	104.79	2	0.00
chr12	50314079	50315593	TCF12	112.67	2	0.00
chr12	51133111	51134368	TCF12	96.61	2	0.20
chr12	51687576	51688487	TCF12	104.99	2	0.00
chr12	52445082	52446039	TCF12	90.44	2	0.18
chr12	52536283	52538802	TCF12	201.38	2	0.00
chr12	53614174	53615304	TCF12	74.90	2	0.89
chr12	53662143	53663893	TCF12	106.43	2	0.00
chr12	53945766	53946752	TCF12	110.95	2	0.00
chr12	54751781	54753551	TCF12	204.53	2	0.00
chr12	54792762	54794050	TCF12	126.38	2	0.00
chr12	54825515	54826937	TCF12	169.07	2	0.00
chr12	55759197	55760085	TCF12	82.51	2	0.54
chr12	56167778	56168565	TCF12	122.18	2	0.00
chr12	57280529	57281737	TCF12	115.48	2	0.00
chr12	57388903	57389895	TCF12	66.16	2	2.05
chr12	57540382	57542158	TCF12	216.67	2	0.00
chr12	57548138	57549168	TCF12	96.66	2	0.20
chr12	57576239	57577889	TCF12	143.28	2	0.00
chr12	57614445	57615297	TCF12	146.89	2	0.00
chr12	57632015	57633569	TCF12	152.68	2	0.00
chr12	57859048	57860525	TCF12	83.59	2	0.49
chr12	57916892	57918262	TCF12	128.82	2	0.00
chr12	58120691	58122042	TCF12	121.44	2	0.00
chr12	63053068	63054664	TCF12	147.03	2	0.00
chr12	64510339	64511288	TCF12	104.79	2	0.00
chr12	64756667	64757991	TCF12	98.24	2	0.07
chr12	64976161	64976988	TCF12	121.78	2	0.00
chr12	65938879	65939869	TCF12	82.22	2	0.54
chr12	67494153	67495522	TCF12	53.97	2	5.49
chr12	71381903	71382870	TCF12	76.27	2	0.81
chr12	72459623	72460672	TCF12	104.60	2	0.00
chr12	72528409	72529322	TCF12	89.66	2	0.18
chr12	73726459	73727312	TCF12	89.72	2	0.18
chr12	76951887	76953334	TCF12	108.98	2	0.00
chr12	84926538	84927428	TCF12	111.82	2	0.00
chr12	87962330	87963469	TCF12	161.25	2	0.00
chr12	92963927	92964942	TCF12	72.98	2	1.03
chr12	95424471	95425418	TCF12	80.21	2	0.63
chr12	95467283	95468412	TCF12	138.75	2	0.00
chr12	98282845	98283714	TCF12	94.52	2	0.19
chr12	102348719	102350127	TCF12	114.13	2	0.00
chr12	103418493	103419748	TCF12	133.35	2	0.00
chr12	104583571	104584684	TCF12	99.41	2	0.07
chr12	104770363	104771423	TCF12	86.18	2	0.28
chr12	105366797	105367768	TCF12	86.10	2	0.28
chr12	107577478	107578279	TCF12	112.04	2	0.00
chr12	107782227	107783271	TCF12	57.74	2	3.69
chr12	107900257	107901277	TCF12	90.84	2	0.18
chr12	108111590	108112828	TCF12	94.14	2	0.19
chr12	109442584	109443861	TCF12	114.96	2	0.00
chr12	110282679	110283764	TCF12	124.34	2	0.00
chr12	110876736	110877776	TCF12	136.45	3	0.00
chr12	110906808	110907677	TCF12	112.96	2	0.00
chr12	111431442	111432519	TCF12	72.92	2	1.03
chr12	111435311	111436481	TCF12	148.12	2	0.00
chr12	111710020	111711194	TCF12	91.80	2	0.19
chr12	111834214	111835436	TCF12	90.10	2	0.18
chr12	111851926	111853010	TCF12	131.29	2	0.00
chr12	112229226	112230320	TCF12	82.42	2	0.54
chr12	112425306	112426326	TCF12	76.32	2	0.81
chr12	113622226	113624259	TCF12	350.13	3	0.00
chr12	113634702	113636171	TCF12	149.53	2	0.00
chr12	113832659	113833897	TCF12	116.49	2	0.00
chr12	114169230	114170570	TCF12	65.57	2	2.14
chr12	116361413	116362466	TCF12	95.51	2	0.20
chr12	117471506	117472457	TCF12	75.09	2	0.84
chr12	117518130	117519072	TCF12	100.74	2	0.07
chr12	117797914	117798910	TCF12	97.09	2	0.20
chr12	117965340	117966454	TCF12	100.81	2	0.07
chr12	119399134	119400236	TCF12	79.57	2	0.73
chr12	119566626	119567668	TCF12	108.71	2	0.00
chr12	119609680	119611209	TCF12	154.21	2	0.00
chr12	120635656	120639898	TCF12	294.73	2	0.00
chr12	121126297	121128149	TCF12	193.73	2	0.00
chr12	121463235	121464787	TCF12	85.10	2	0.39
chr12	121582077	121583140	TCF12	140.02	2	0.00
chr12	121645433	121646640	TCF12	75.27	2	0.80
chr12	121905387	121906600	TCF12	87.10	2	0.23
chr12	121982893	121983776	TCF12	102.15	2	0.08
chr12	122096544	122097742	TCF12	105.64	3	0.00
chr12	122845082	122846065	TCF12	103.05	2	0.08
chr12	123217117	123218145	TCF12	75.47	2	0.80
chr12	123255917	123257015	TCF12	70.10	2	1.45
chr12	123484128	123484900	TCF12	154.02	2	0.00
chr12	123728118	123729025	TCF12	153.74	3	0.00
chr12	124228927	124229942	TCF12	118.92	2	0.00
chr12	124643232	124644286	TCF12	111.59	2	0.00
chr12	124805099	124806382	TCF12	71.52	2	1.31
chr12	126367924	126369077	TCF12	107.53	2	0.00
chr12	128844860	128846256	TCF12	120.30	2	0.00
chr12	129021402	129022308	TCF12	109.34	2	0.00
chr12	129163819	129165081	TCF12	91.47	2	0.18
chr12	131649975	131650952	TCF12	96.21	2	0.20
chr12	132184401	132185402	TCF12	115.33	2	0.00
chr12	132377064	132378346	TCF12	161.72	4	0.00
chr12	132504256	132505274	TCF12	91.39	2	0.18
chr12	132637929	132639378	TCF12	139.42	2	0.00
chr12	132677121	132678198	TCF12	89.39	2	0.18
chr12	133099550	133100916	TCF12	164.99	2	0.00
chr12	133161092	133162064	TCF12	141.37	2	0.00
chr13	21871238	21873061	TCF12	332.03	3	0.00
chr13	22242374	22243380	TCF12	109.21	2	0.00
chr13	24521698	24522721	TCF12	152.39	3	0.00
chr13	26327636	26328559	TCF12	125.72	2	0.00
chr13	27935737	27937464	TCF12	209.19	2	0.00
chr13	29291402	29292732	TCF12	84.32	2	0.44
chr13	31353915	31354987	TCF12	115.08	2	0.00
chr13	35145532	35146332	TCF12	88.26	2	0.23
chr13	35777417	35778876	TCF12	66.43	2	2.00
chr13	42125252	42126520	TCF12	85.21	2	0.39
chr13	50571706	50572701	TCF12	79.05	2	0.72
chr13	52734696	52735791	TCF12	120.85	2	0.00
chr13	59200906	59201986	TCF12	189.37	3	0.00
chr13	67708127	67709206	TCF12	143.27	2	0.00
chr13	68046276	68047601	TCF12	82.72	2	0.49
chr13	72923844	72924806	TCF12	92.00	2	0.19
chr13	76122175	76123930	TCF12	152.35	2	0.00
chr13	77554237	77555172	TCF12	128.18	2	0.00
chr13	80045786	80046797	TCF12	93.22	2	0.19
chr13	88564273	88565267	TCF12	158.81	2	0.00
chr13	98347915	98348933	TCF12	114.68	2	0.00
chr13	99218849	99219820	TCF12	99.86	2	0.07
chr13	100552522	100553583	TCF12	120.19	2	0.00
chr13	104151441	104152458	TCF12	156.24	2	0.00
chr13	105288089	105289308	TCF12	114.18	2	0.00
chr13	107001003	107002293	TCF12	74.94	2	0.84
chr13	107129318	107130454	TCF12	82.68	2	0.48
chr13	111386091	111387052	TCF12	127.44	3	0.00
chr13	112930647	112931624	TCF12	112.09	2	0.00
chr13	113023176	113024185	TCF12	69.50	2	1.44
chr13	113539251	113540547	TCF12	146.39	2	0.00
chr13	113780422	113781243	TCF12	111.03	2	0.00
chr13	114769430	114770887	TCF12	206.66	2	0.00
chr14	20880621	20882138	TCF12	77.09	2	0.76
chr14	21438741	21439769	TCF12	79.79	2	0.73
chr14	23321757	23322860	TCF12	151.84	2	0.00
chr14	23892493	23893522	TCF12	129.12	2	0.00
chr14	24036327	24037480	TCF12	97.34	2	0.14
chr14	24138906	24139909	TCF12	100.53	2	0.07
chr14	24605709	24606781	TCF12	118.73	2	0.00
chr14	33079915	33080937	TCF12	91.96	2	0.19
chr14	35821260	35822267	TCF12	86.72	2	0.23
chr14	36830031	36831501	TCF12	144.84	2	0.00
chr14	37217457	37218600	TCF12	101.76	2	0.07
chr14	50358462	50360037	TCF12	142.22	2	0.00
chr14	50777941	50779384	TCF12	148.03	3	0.00
chr14	52445421	52446817	TCF12	89.75	2	0.18
chr14	58710069	58712349	TCF12	171.42	2	0.00
chr14	60099972	60101042	TCF12	136.48	2	0.00
chr14	60138087	60139117	TCF12	89.65	2	0.18
chr14	60402284	60403388	TCF12	100.56	2	0.07
chr14	60558991	60560204	TCF12	118.54	2	0.00
chr14	61596394	61597464	TCF12	129.52	2	0.00
chr14	64969244	64970481	TCF12	123.35	2	0.00
chr14	65294160	65295359	TCF12	133.43	2	0.00
chr14	65536064	65537630	TCF12	137.53	2	0.00
chr14	65878084	65879129	TCF12	84.26	2	0.44
chr14	66572039	66573055	TCF12	64.39	2	2.32
chr14	67799272	67800298	TCF12	94.65	2	0.19
chr14	67876270	67877732	TCF12	122.71	2	0.00
chr14	67954755	67956363	TCF12	162.77	2	0.00
chr14	68037289	68038381	TCF12	152.28	3	0.00
chr14	68144402	68145424	TCF12	88.92	2	0.24
chr14	69441100	69442328	TCF12	164.00	2	0.00
chr14	69818854	69819628	TCF12	134.29	3	0.00
chr14	69961893	69962877	TCF12	89.38	2	0.18
chr14	72007352	72008344	TCF12	82.00	2	0.53
chr14	74934820	74935773	TCF12	97.09	2	0.20
chr14	76126462	76127860	TCF12	124.96	2	0.00
chr14	76369187	76369965	TCF12	91.12	2	0.18
chr14	76787934	76788982	TCF12	109.67	2	0.00
chr14	77322054	77322996	TCF12	112.94	2	0.00
chr14	77477888	77478915	TCF12	122.29	2	0.00
chr14	77564186	77565656	TCF12	115.79	2	0.00
chr14	77787188	77788317	TCF12	103.40	2	0.08
chr14	78251219	78252583	TCF12	119.47	2	0.00
chr14	80964345	80965375	TCF12	105.60	2	0.00
chr14	81045925	81046925	TCF12	123.37	2	0.00
chr14	83605166	83606258	TCF12	123.82	2	0.00
chr14	88736441	88737495	TCF12	78.09	2	0.72
chr14	91042737	91044039	TCF12	122.03	2	0.00
chr14	91167075	91168221	TCF12	82.48	2	0.54
chr14	91720657	91721941	TCF12	114.11	2	0.00
chr14	93260461	93261702	TCF12	85.08	2	0.39
chr14	93306875	93307873	TCF12	95.79	2	0.20
chr14	93672898	93674573	TCF12	181.60	2	0.00
chr14	95064818	95066354	TCF12	301.03	3	0.00
chr14	95773987	95774889	TCF12	116.72	2	0.00
chr14	96682937	96684077	TCF12	138.47	3	0.00
chr14	99606185	99607010	TCF12	168.72	3	0.00
chr14	99982236	99983268	TCF12	107.83	2	0.00
chr14	99984368	99985362	TCF12	133.32	3	0.00
chr14	102605900	102606828	TCF12	130.67	2	0.00
chr14	103282755	103284119	TCF12	96.83	2	0.20
chr14	103799987	103800736	TCF12	118.09	2	0.00
chr14	103850456	103851441	TCF12	90.23	2	0.18
chr14	104207954	104208918	TCF12	105.42	2	0.00
chr14	104338405	104339418	TCF12	120.76	2	0.00
chr14	104819590	104820618	TCF12	134.02	2	0.00
chr14	104836042	104837000	TCF12	133.78	3	0.00
chr14	105329861	105330840	TCF12	113.86	2	0.00
chr14	105438308	105439903	TCF12	242.39	2	0.00
chr14	105499918	105501028	TCF12	105.11	2	0.00
chr14	105536241	105537252	TCF12	125.88	2	0.00
chr14	105557663	105558699	TCF12	109.98	2	0.00
chr14	105912666	105914121	TCF12	154.41	2	0.00
chr14	105955590	105956650	TCF12	150.32	2	0.00
chr15	20544924	20548320	TCF12	573.08	2	0.00
chr15	26043155	26044200	TCF12	120.39	2	0.00
chr15	31484465	31485464	TCF12	75.28	2	0.80
chr15	35350102	35350897	TCF12	108.01	2	0.00
chr15	36331997	36333085	TCF12	74.44	2	0.89
chr15	36720192	36721431	TCF12	72.88	2	1.03
chr15	41164075	41165721	TCF12	155.00	2	0.00
chr15	42158931	42160178	TCF12	89.24	2	0.24
chr15	43476550	43477904	TCF12	121.83	2	0.00
chr15	43579067	43580112	TCF12	76.53	2	0.81
chr15	44898351	44899381	TCF12	133.77	3	0.00
chr15	45736490	45737966	TCF12	113.72	2	0.00
chr15	51319535	51320490	TCF12	75.41	2	0.80
chr15	51435662	51436787	TCF12	54.73	2	4.93
chr15	51438337	51439669	TCF12	64.64	2	2.32
chr15	55289822	55290866	TCF12	121.56	2	0.00
chr15	60158997	60160199	TCF12	109.40	2	0.00
chr15	63148089	63149451	TCF12	97.06	2	0.20
chr15	63448212	63450601	TCF12	230.22	2	0.00
chr15	65132371	65133842	TCF12	126.31	2	0.00
chr15	65146294	65147599	TCF12	65.63	2	2.14
chr15	65151156	65152207	TCF12	82.11	2	0.53
chr15	65808735	65810809	TCF12	197.39	2	0.00
chr15	67123226	67124817	TCF12	220.32	2	0.00
chr15	68807000	68808006	TCF12	68.65	2	1.58
chr15	72476050	72477069	TCF12	80.37	2	0.63
chr15	72921149	72922150	TCF12	147.84	2	0.00
chr15	72963040	72964043	TCF12	78.17	2	0.72
chr15	74238814	74239946	TCF12	81.36	2	0.58
chr15	74469607	74470564	TCF12	92.22	2	0.19
chr15	74603631	74604743	TCF12	158.34	2	0.00
chr15	74911888	74914307	TCF12	202.05	2	0.00
chr15	75286636	75287877	TCF12	96.11	2	0.20
chr15	75659338	75662639	TCF12	200.09	2	0.00
chr15	76602755	76606022	TCF12	310.60	2	0.00
chr15	76631247	76632250	TCF12	83.92	2	0.49
chr15	77254212	77255422	TCF12	121.20	2	0.00
chr15	77302320	77303352	TCF12	107.86	2	0.00
chr15	78064457	78065512	TCF12	111.46	2	0.00
chr15	78163617	78164578	TCF12	128.07	2	0.00
chr15	80187738	80189461	TCF12	122.68	2	0.00
chr15	80215602	80216675	TCF12	90.31	2	0.18
chr15	85472419	85474131	TCF12	107.93	2	0.00
chr15	87743106	87743961	TCF12	103.62	2	0.08
chr15	87763474	87764657	TCF12	57.77	2	3.70
chr15	89427614	89428764	TCF12	111.03	2	0.00
chr15	90162449	90163818	TCF12	153.00	2	0.00
chr15	90189967	90191248	TCF12	125.79	2	0.00
chr15	90326746	90328416	TCF12	127.01	2	0.00
chr15	91435010	91436038	TCF12	89.89	2	0.18
chr15	93595456	93596566	TCF12	158.83	2	0.00
chr15	94049532	94050552	TCF12	93.71	2	0.19
chr15	97159325	97160549	TCF12	66.99	2	1.96
chr15	99091086	99092675	TCF12	236.45	2	0.00
chr15	99186773	99187983	TCF12	54.09	2	5.44
chr15	99664227	99665477	TCF12	63.34	2	2.46
chr15	99742727	99743655	TCF12	81.82	2	0.59
chr15	100813782	100814635	TCF12	101.22	2	0.07
chr15	101319646	101320691	TCF12	67.53	2	1.86
chr16	551907	552959	TCF12	124.19	2	0.00
chr16	569603	570579	TCF12	145.66	2	0.00
chr16	769868	771001	TCF12	165.46	2	0.00
chr16	789268	790257	TCF12	123.81	2	0.00
chr16	1052253	1053352	TCF12	202.43	3	0.00
chr16	1132082	1133101	TCF12	124.82	2	0.00
chr16	1140011	1141112	TCF12	106.24	2	0.00
chr16	1357500	1358838	TCF12	202.35	3	0.00
chr16	2066479	2067452	TCF12	171.50	4	0.00
chr16	2141791	2142813	TCF12	119.65	2	0.00
chr16	2550791	2551730	TCF12	115.79	2	0.00
chr16	2585714	2586704	TCF12	94.52	2	0.19
chr16	2827589	2828796	TCF12	113.31	2	0.00
chr16	2954587	2955548	TCF12	102.45	2	0.08
chr16	3017925	3019225	TCF12	193.19	3	0.00
chr16	3879657	3880633	TCF12	83.83	2	0.49
chr16	3926927	3927942	TCF12	112.65	2	0.00
chr16	4166643	4167654	TCF12	101.93	2	0.08
chr16	5124877	5125886	TCF12	122.69	2	0.00
chr16	6392895	6393921	TCF12	141.47	2	0.00
chr16	6518783	6519815	TCF12	134.48	2	0.00
chr16	8736060	8737221	TCF12	130.07	2	0.00
chr16	8779973	8780916	TCF12	129.92	2	0.00
chr16	8979984	8980999	TCF12	111.14	2	0.00
chr16	9039856	9041254	TCF12	111.79	2	0.00
chr16	9521550	9522445	TCF12	99.54	2	0.07
chr16	10745978	10747206	TCF12	133.97	2	0.00
chr16	12071347	12072378	TCF12	94.08	2	0.19
chr16	14722572	14724126	TCF12	146.10	2	0.00
chr16	16251657	16252781	TCF12	106.26	3	0.00
chr16	17569798	17570774	TCF12	90.32	2	0.18
chr16	20118091	20119093	TCF12	78.28	2	0.72
chr16	20195521	20196550	TCF12	120.84	2	0.00
chr16	20751756	20752625	TCF12	102.08	2	0.08
chr16	21337680	21338753	TCF12	84.72	2	0.44
chr16	22172632	22173631	TCF12	87.64	2	0.23
chr16	22331771	22333195	TCF12	142.65	2	0.00
chr16	24053034	24054066	TCF12	75.04	2	0.84
chr16	25042019	25043235	TCF12	89.40	2	0.18
chr16	25837999	25839313	TCF12	189.69	4	0.00
chr16	26680997	26682006	TCF12	119.87	2	0.00
chr16	27109569	27110746	TCF12	96.07	2	0.20
chr16	30080987	30082217	TCF12	102.00	2	0.08
chr16	30620682	30621678	TCF12	87.98	2	0.23
chr16	30681190	30682128	TCF12	105.38	2	0.00
chr16	30759059	30759815	TCF12	94.05	2	0.19
chr16	31190637	31192154	TCF12	172.95	3	0.00
chr16	31884956	31886420	TCF12	68.73	2	1.58
chr16	33293513	33294762	TCF12	272.47	3	0.00
chr16	50403050	50404192	TCF12	117.74	2	0.00
chr16	50664892	50665914	TCF12	137.34	3	0.00
chr16	53045644	53046652	TCF12	108.93	2	0.00
chr16	54363554	54364466	TCF12	87.04	2	0.23
chr16	56642415	56643481	TCF12	94.78	2	0.20
chr16	56658438	56660810	TCF12	153.24	2	0.00
chr16	57025079	57026251	TCF12	145.11	3	0.00
chr16	57682663	57683559	TCF12	90.94	2	0.18
chr16	58548479	58549454	TCF12	65.85	2	2.09
chr16	58876986	58878119	TCF12	83.01	2	0.49
chr16	66311470	66312428	TCF12	82.43	2	0.54
chr16	66586033	66587368	TCF12	101.33	2	0.07
chr16	67494684	67497700	TCF12	309.05	2	0.00
chr16	67693220	67694723	TCF12	197.80	3	0.00
chr16	68027196	68028258	TCF12	151.82	3	0.00
chr16	68268879	68269758	TCF12	86.27	2	0.28
chr16	68306264	68307226	TCF12	108.30	2	0.00
chr16	68343129	68345341	TCF12	249.74	2	0.00
chr16	68360769	68361797	TCF12	78.90	2	0.72
chr16	68371014	68372237	TCF12	104.36	2	0.00
chr16	68973417	68974656	TCF12	119.68	2	0.00
chr16	70413885	70414879	TCF12	97.91	2	0.07
chr16	72164554	72165553	TCF12	131.66	2	0.00
chr16	72171025	72172012	TCF12	109.60	2	0.00
chr16	72681320	72682342	TCF12	85.04	2	0.39
chr16	73759817	73760796	TCF12	93.92	2	0.19
chr16	74771942	74773066	TCF12	96.17	2	0.20
chr16	74807296	74808491	TCF12	133.83	2	0.00
chr16	80603162	80604356	TCF12	168.01	3	0.00
chr16	81271081	81272010	TCF12	102.50	2	0.08
chr16	81685601	81686602	TCF12	114.15	2	0.00
chr16	84022378	84023273	TCF12	118.13	3	0.00
chr16	84113967	84114987	TCF12	104.03	2	0.00
chr16	84220190	84221140	TCF12	139.92	2	0.00
chr16	84592771	84593872	TCF12	157.48	2	0.00
chr16	84809774	84810811	TCF12	109.86	2	0.00
chr16	85531739	85532817	TCF12	109.65	2	0.00
chr16	86373884	86374867	TCF12	105.51	2	0.00
chr16	86588506	86589796	TCF12	88.00	2	0.23
chr16	87421585	87422649	TCF12	132.19	2	0.00
chr16	87668582	87669859	TCF12	174.99	3	0.00
chr16	88923540	88924783	TCF12	57.09	2	3.83
chr16	89347772	89348798	TCF12	119.15	2	0.00
chr16	89463091	89464110	TCF12	120.02	2	0.00
chr16	89623608	89624729	TCF12	103.24	2	0.08
chr16	90037453	90038995	TCF12	180.15	3	0.00
chr17	412197	413315	TCF12	115.39	2	0.00
chr17	744390	745245	TCF12	106.05	2	0.00
chr17	1071395	1072621	TCF12	114.66	2	0.00
chr17	1587451	1588935	TCF12	134.03	2	0.00
chr17	2106355	2107369	TCF12	120.64	2	0.00
chr17	2291631	2292735	TCF12	129.92	2	0.00
chr17	2796296	2797553	TCF12	88.33	2	0.23
chr17	2878144	2879160	TCF12	91.32	2	0.18
chr17	3873758	3874763	TCF12	108.60	2	0.00
chr17	3956553	3957492	TCF12	100.93	2	0.07
chr17	5322575	5324057	TCF12	120.39	2	0.00
chr17	6489146	6490067	TCF12	81.00	2	0.58
chr17	6554312	6555408	TCF12	87.53	2	0.23
chr17	7123690	7124600	TCF12	122.84	2	0.00
chr17	7132401	7133545	TCF12	91.82	2	0.19
chr17	8021541	8022638	TCF12	161.74	2	0.00
chr17	8191192	8192685	TCF12	239.27	3	0.00
chr17	10726464	10727669	TCF12	113.24	2	0.00
chr17	14203538	14204822	TCF12	147.99	2	0.00
chr17	15165997	15167085	TCF12	84.22	2	0.44
chr17	17325157	17326188	TCF12	96.25	2	0.20
chr17	17583623	17584597	TCF12	123.74	2	0.00
chr17	17990475	17991358	TCF12	135.61	3	0.00
chr17	18218197	18220004	TCF12	203.25	2	0.00
chr17	18265660	18266619	TCF12	153.60	3	0.00
chr17	18908248	18909228	TCF12	95.78	2	0.20
chr17	19648270	19649414	TCF12	136.49	2	0.00
chr17	21103089	21104102	TCF12	107.63	2	0.00
chr17	25838020	25838961	TCF12	85.32	2	0.39
chr17	27072992	27074583	TCF12	238.66	2	0.00
chr17	27910797	27911979	TCF12	160.70	2	0.00
chr17	28431243	28432258	TCF12	78.57	2	0.72
chr17	29150447	29151463	TCF12	81.15	2	0.58
chr17	29463949	29464853	TCF12	98.34	2	0.07
chr17	29868593	29869722	TCF12	101.30	2	0.07
chr17	30262883	30263855	TCF12	180.33	3	0.00
chr17	30646250	30647350	TCF12	86.71	2	0.23
chr17	32868088	32869077	TCF12	133.33	3	0.00
chr17	33220314	33221339	TCF12	113.17	2	0.00
chr17	33715457	33716901	TCF12	105.04	3	0.00
chr17	34094475	34095512	TCF12	88.83	2	0.24
chr17	34899632	34900654	TCF12	136.05	3	0.00
chr17	35455643	35456780	TCF12	113.83	2	0.00
chr17	35539639	35540670	TCF12	67.23	2	1.91
chr17	35713799	35714778	TCF12	80.86	2	0.58
chr17	36482347	36483408	TCF12	126.59	2	0.00
chr17	36818826	36819879	TCF12	134.73	2	0.00
chr17	37202611	37203895	TCF12	190.92	2	0.00
chr17	37263179	37264206	TCF12	123.33	2	0.00
chr17	37748696	37750111	TCF12	126.64	2	0.00
chr17	38178949	38179899	TCF12	106.07	2	0.00
chr17	38601080	38602060	TCF12	80.74	2	0.58
chr17	39434281	39435391	TCF12	113.43	2	0.00
chr17	39811285	39813267	TCF12	269.88	2	0.00
chr17	39956823	39958478	TCF12	113.37	2	0.00
chr17	40074296	40076643	TCF12	221.20	2	0.00
chr17	40264653	40265617	TCF12	98.84	2	0.07
chr17	40317144	40318270	TCF12	99.32	2	0.07
chr17	40333070	40334129	TCF12	115.58	2	0.00
chr17	40827789	40828850	TCF12	160.26	3	0.00
chr17	40931367	40932560	TCF12	107.71	2	0.00
chr17	42020931	42021976	TCF12	124.15	2	0.00
chr17	42845095	42846416	TCF12	72.66	2	1.08
chr17	43186020	43187018	TCF12	87.75	2	0.23
chr17	43502291	43504181	TCF12	237.74	2	0.00
chr17	43883818	43884858	TCF12	135.91	2	0.00
chr17	44929697	44930636	TCF12	137.39	2	0.00
chr17	44999911	45000981	TCF12	148.06	2	0.00
chr17	46518640	46519663	TCF12	68.05	2	1.63
chr17	47485165	47486153	TCF12	81.57	2	0.58
chr17	47650563	47651582	TCF12	120.02	2	0.00
chr17	47666407	47667521	TCF12	132.09	2	0.00
chr17	47957619	47958995	TCF12	242.41	5	0.00
chr17	49242845	49243683	TCF12	124.79	2	0.00
chr17	53496958	53497966	TCF12	75.94	2	0.80
chr17	55360478	55361542	TCF12	136.93	2	0.00
chr17	58431553	58432549	TCF12	149.12	3	0.00
chr17	58467584	58469408	TCF12	248.63	2	0.00
chr17	59327563	59328758	TCF12	168.46	2	0.00
chr17	61698017	61699363	TCF12	94.37	2	0.19
chr17	61872301	61873214	TCF12	101.18	2	0.07
chr17	63190085	63191562	TCF12	120.96	3	0.00
chr17	63273944	63275377	TCF12	66.92	2	1.95
chr17	63558032	63559025	TCF12	79.28	2	0.73
chr17	65199226	65200203	TCF12	99.08	2	0.07
chr17	65360892	65363207	TCF12	207.67	3	0.00
chr17	70408279	70409870	TCF12	122.32	2	0.00
chr17	71088571	71089622	TCF12	202.48	3	0.00
chr17	71140584	71141581	TCF12	136.27	2	0.00
chr17	71284482	71286301	TCF12	236.52	2	0.00
chr17	71300883	71302097	TCF12	130.10	2	0.00
chr17	72343726	72344783	TCF12	134.21	2	0.00
chr17	72921252	72922263	TCF12	107.88	2	0.00
chr17	73257573	73259054	TCF12	116.64	2	0.00
chr17	73265898	73267143	TCF12	104.99	2	0.00
chr17	73267719	73268786	TCF12	121.90	2	0.00
chr17	73545036	73546253	TCF12	122.41	2	0.00
chr17	73780705	73782290	TCF12	101.94	2	0.08
chr17	73893206	73894230	TCF12	163.91	4	0.00
chr17	74009846	74010851	TCF12	108.60	2	0.00
chr17	74278588	74279374	TCF12	127.50	2	0.00
chr17	75951859	75952834	TCF12	117.87	2	0.00
chr17	76165045	76166145	TCF12	152.31	2	0.00
chr17	76712613	76714914	TCF12	159.13	2	0.00
chr17	77014352	77015356	TCF12	80.47	2	0.63
chr17	77809048	77810000	TCF12	165.79	2	0.00
chr17	77954965	77955958	TCF12	99.61	2	0.07
chr17	77975612	77977025	TCF12	122.94	2	0.00
chr17	78075578	78076545	TCF12	82.24	2	0.54
chr17	78169563	78170609	TCF12	125.03	2	0.00
chr17	78388267	78389743	TCF12	150.96	2	0.00
chr17	78692758	78693790	TCF12	100.63	2	0.07
chr17	79222542	79223581	TCF12	109.35	2	0.00
chr17	79361588	79362522	TCF12	135.35	2	0.00
chr17	79422869	79423876	TCF12	234.13	7	0.00
chr17	79490215	79491156	TCF12	104.99	2	0.00
chr17	79679711	79680755	TCF12	155.80	3	0.00
chr17	80174793	80175731	TCF12	130.61	2	0.00
chr17	80205894	80206937	TCF12	109.11	2	0.00
chr17	80290207	80291301	TCF12	119.66	2	0.00
chr18	2691849	2693188	TCF12	110.48	2	0.00
chr18	2924118	2925211	TCF12	97.06	2	0.20
chr18	6086567	6087503	TCF12	104.54	2	0.00
chr18	13871541	13872699	TCF12	122.29	2	0.00
chr18	19179994	19180980	TCF12	71.96	2	1.27
chr18	21850562	21851657	TCF12	91.76	2	0.19
chr18	33910677	33911998	TCF12	124.75	2	0.00
chr18	44484620	44486114	TCF12	101.69	2	0.07
chr18	45586358	45587417	TCF12	107.14	2	0.00
chr18	45805953	45806856	TCF12	106.13	2	0.00
chr18	46064237	46065418	TCF12	109.33	2	0.00
chr18	46328949	46329834	TCF12	133.42	2	0.00
chr18	46908804	46909807	TCF12	90.11	2	0.18
chr18	47802275	47803523	TCF12	77.93	2	0.71
chr18	52385363	52386411	TCF12	98.45	2	0.07
chr18	55861865	55862931	TCF12	91.23	2	0.18
chr18	56072355	56073561	TCF12	121.71	2	0.00
chr18	60030947	60031945	TCF12	111.96	2	0.00
chr18	61637299	61638305	TCF12	119.99	2	0.00
chr18	72034725	72035625	TCF12	90.43	2	0.18
chr18	73082610	73083754	TCF12	95.53	2	0.20
chr18	74720830	74722102	TCF12	140.49	2	0.00
chr18	77438696	77439840	TCF12	165.28	3	0.00
chr19	584052	585160	TCF12	221.14	3	0.00
chr19	798461	799462	TCF12	109.09	2	0.00
chr19	984233	985323	TCF12	218.68	3	0.00
chr19	1290481	1291493	TCF12	120.89	2	0.00
chr19	1382617	1383913	TCF12	162.17	2	0.00
chr19	1507326	1508244	TCF12	139.13	2	0.00
chr19	1746460	1747383	TCF12	144.18	2	0.00
chr19	1773259	1774309	TCF12	112.92	2	0.00
chr19	1811055	1811995	TCF12	145.82	2	0.00
chr19	1939828	1940696	TCF12	146.59	3	0.00
chr19	2149243	2150657	TCF12	113.63	2	0.00
chr19	2237329	2238214	TCF12	111.40	2	0.00
chr19	2475876	2476717	TCF12	118.89	2	0.00
chr19	3383017	3384051	TCF12	178.17	2	0.00
chr19	3505020	3506234	TCF12	166.73	3	0.00
chr19	3556053	3557130	TCF12	151.11	2	0.00
chr19	3971156	3971986	TCF12	135.22	3	0.00
chr19	4042058	4043050	TCF12	138.69	2	0.00
chr19	4124144	4125172	TCF12	134.02	3	0.00
chr19	4374326	4375437	TCF12	101.01	2	0.07
chr19	4693263	4694154	TCF12	83.10	2	0.49
chr19	4722609	4723581	TCF12	122.88	2	0.00
chr19	4791073	4792163	TCF12	131.82	2	0.00
chr19	4970845	4972770	TCF12	324.07	3	0.00
chr19	5048134	5049172	TCF12	168.57	3	0.00
chr19	5679757	5681044	TCF12	116.85	2	0.00
chr19	5692665	5693730	TCF12	95.40	2	0.20
chr19	5940164	5941205	TCF12	114.45	2	0.00
chr19	6517616	6518640	TCF12	112.69	2	0.00
chr19	7936051	7937261	TCF12	116.54	2	0.00
chr19	8371270	8372243	TCF12	81.54	2	0.58
chr19	9694194	9695694	TCF12	212.61	3	0.00
chr19	9879031	9880108	TCF12	169.07	3	0.00
chr19	10215739	10216788	TCF12	144.89	3	0.00
chr19	10224889	10226064	TCF12	158.25	2	0.00
chr19	10431663	10432900	TCF12	119.94	2	0.00
chr19	10443196	10444840	TCF12	198.38	2	0.00
chr19	10858986	10861270	TCF12	286.88	3	0.00
chr19	11221451	11222485	TCF12	121.51	2	0.00
chr19	11639114	11640342	TCF12	95.27	2	0.20
chr19	11707893	11708782	TCF12	177.14	3	0.00
chr19	11731142	11732170	TCF12	79.79	2	0.73
chr19	12594693	12595688	TCF12	103.96	2	0.00
chr19	12991766	12992940	TCF12	78.63	2	0.72
chr19	13000817	13002915	TCF12	196.24	2	0.00
chr19	13043191	13045094	TCF12	259.96	2	0.00
chr19	13048570	13050177	TCF12	244.60	2	0.00
chr19	13261008	13262260	TCF12	160.23	2	0.00
chr19	13263517	13264599	TCF12	147.38	2	0.00
chr19	13743780	13745332	TCF12	200.48	3	0.00
chr19	13923551	13924568	TCF12	107.15	2	0.00
chr19	14142629	14143515	TCF12	137.38	2	0.00
chr19	14886989	14888098	TCF12	155.01	3	0.00
chr19	15898088	15899105	TCF12	174.13	3	0.00
chr19	16153776	16154768	TCF12	88.44	2	0.23
chr19	16254141	16255564	TCF12	206.89	2	0.00
chr19	16556742	16558020	TCF12	111.75	2	0.00
chr19	16874847	16875944	TCF12	82.09	2	0.53
chr19	17682866	17683880	TCF12	120.64	3	0.00
chr19	17965994	17967020	TCF12	73.25	2	1.03
chr19	18043559	18044704	TCF12	91.05	2	0.18
chr19	18219677	18220671	TCF12	113.73	2	0.00
chr19	18314460	18315453	TCF12	98.52	2	0.07
chr19	18418493	18419470	TCF12	131.23	2	0.00
chr19	18433951	18434883	TCF12	86.41	2	0.23
chr19	18475094	18476632	TCF12	87.99	2	0.23
chr19	18483995	18485458	TCF12	103.62	2	0.08
chr19	18549507	18550521	TCF12	139.97	2	0.00
chr19	19537578	19538460	TCF12	109.16	2	0.00
chr19	19625706	19626780	TCF12	135.11	2	0.00
chr19	19753068	19754061	TCF12	175.08	3	0.00
chr19	33550321	33551592	TCF12	142.65	2	0.00
chr19	33571826	33572981	TCF12	165.11	3	0.00
chr19	33892359	33893364	TCF12	99.28	2	0.07
chr19	33955878	33957217	TCF12	132.41	3	0.00
chr19	34012795	34013849	TCF12	93.40	2	0.19
chr19	34310744	34311708	TCF12	142.45	3	0.00
chr19	34894842	34895923	TCF12	167.01	3	0.00
chr19	35496245	35497272	TCF12	94.83	2	0.20
chr19	36206959	36208489	TCF12	89.95	2	0.18
chr19	36627399	36628565	TCF12	92.87	2	0.19
chr19	36630363	36631546	TCF12	127.04	2	0.00
chr19	38794026	38795588	TCF12	124.37	2	0.00
chr19	38826963	38828282	TCF12	128.65	3	0.00
chr19	39618751	39619729	TCF12	100.34	2	0.07
chr19	39648504	39649479	TCF12	117.95	2	0.00
chr19	39988281	39989353	TCF12	136.21	3	0.00
chr19	40725250	40726349	TCF12	106.50	2	0.00
chr19	42432871	42433816	TCF12	108.46	2	0.00
chr19	42568457	42569465	TCF12	77.62	2	0.71
chr19	42580725	42582166	TCF12	190.48	3	0.00
chr19	42724052	42725075	TCF12	107.66	2	0.00
chr19	42799957	42800884	TCF12	87.03	2	0.23
chr19	42805370	42807460	TCF12	229.72	2	0.00
chr19	42926660	42927689	TCF12	105.72	2	0.00
chr19	43967327	43968530	TCF12	117.37	2	0.00
chr19	44971563	44972871	TCF12	134.58	3	0.00
chr19	45003059	45004683	TCF12	204.57	2	0.00
chr19	45187770	45188781	TCF12	76.45	2	0.81
chr19	45228620	45229678	TCF12	147.97	2	0.00
chr19	45954305	45955489	TCF12	190.93	3	0.00
chr19	46635304	46636896	TCF12	85.85	2	0.34
chr19	46662449	46664583	TCF12	191.72	2	0.00
chr19	46904571	46905603	TCF12	93.97	2	0.19
chr19	47016500	47017586	TCF12	92.98	2	0.19
chr19	47260171	47261269	TCF12	102.51	2	0.08
chr19	47291055	47291922	TCF12	99.44	2	0.07
chr19	47776816	47777520	TCF12	177.00	4	0.00
chr19	48281372	48282434	TCF12	111.70	2	0.00
chr19	48510723	48511458	TCF12	132.69	2	0.00
chr19	48610298	48611295	TCF12	87.86	2	0.23
chr19	48867262	48868731	TCF12	136.89	2	0.00
chr19	49117317	49119079	TCF12	181.13	3	0.00
chr19	49177749	49178926	TCF12	134.60	2	0.00
chr19	49651855	49653944	TCF12	244.42	2	0.00
chr19	49656675	49657692	TCF12	121.11	2	0.00
chr19	49894741	49895943	TCF12	84.88	2	0.39
chr19	50062932	50063868	TCF12	132.34	2	0.00
chr19	50179205	50180843	TCF12	315.56	2	0.00
chr19	50693181	50694472	TCF12	101.99	2	0.08
chr19	50887845	50888693	TCF12	124.98	2	0.00
chr19	51246793	51247810	TCF12	143.94	3	0.00
chr19	51338166	51339123	TCF12	122.46	2	0.00
chr19	51762160	51763489	TCF12	121.26	2	0.00
chr19	52772898	52773960	TCF12	154.19	2	0.00
chr19	54618056	54619332	TCF12	165.38	2	0.00
chr19	55028219	55029176	TCF12	110.99	2	0.00
chr19	55580488	55581707	TCF12	82.71	2	0.49
chr19	55627104	55628107	TCF12	126.96	2	0.00
chr19	55652241	55653264	TCF12	106.43	2	0.00
chr19	56152504	56153419	TCF12	114.83	2	0.00
chr19	56188399	56189888	TCF12	216.53	3	0.00
chr19	56632976	56633902	TCF12	124.86	2	0.00
chr19	58325484	58326829	TCF12	109.77	2	0.00
chr19	58906649	58907673	TCF12	129.70	2	0.00
chr19	58987621	58988802	TCF12	133.52	2	0.00
chr19	59086657	59087677	TCF12	78.89	2	0.72
chr2	2667628	2668793	TCF12	147.18	3	0.00
chr2	3320406	3321317	TCF12	156.72	2	0.00
chr2	3579514	3580533	TCF12	95.46	2	0.20
chr2	6221912	6222917	TCF12	109.84	2	0.00
chr2	8640748	8642203	TCF12	172.17	3	0.00
chr2	9476475	9477556	TCF12	86.07	2	0.28
chr2	10972325	10973357	TCF12	115.66	2	0.00
chr2	12964789	12965742	TCF12	122.22	2	0.00
chr2	13073935	13074895	TCF12	92.24	2	0.19
chr2	16378243	16378911	TCF12	176.66	3	0.00
chr2	17568292	17569157	TCF12	117.67	2	0.00
chr2	20390725	20391473	TCF12	127.04	2	0.00
chr2	26099848	26101343	TCF12	116.07	2	0.00
chr2	27256007	27257400	TCF12	136.58	2	0.00
chr2	27455440	27456756	TCF12	120.41	2	0.00
chr2	28581678	28583170	TCF12	146.33	2	0.00
chr2	28843505	28844515	TCF12	87.45	2	0.23
chr2	29248819	29249601	TCF12	151.72	3	0.00
chr2	30324896	30325799	TCF12	129.90	2	0.00
chr2	33217092	33218088	TCF12	93.77	2	0.19
chr2	38304527	38305527	TCF12	84.28	2	0.44
chr2	38665630	38666606	TCF12	96.28	2	0.20
chr2	40066659	40067678	TCF12	118.62	3	0.00
chr2	42152815	42153761	TCF12	102.17	2	0.08
chr2	42686356	42687400	TCF12	97.88	2	0.07
chr2	42934813	42935696	TCF12	98.22	2	0.07
chr2	43137340	43138249	TCF12	102.52	2	0.08
chr2	43200838	43201966	TCF12	117.75	2	0.00
chr2	43268107	43269594	TCF12	161.36	2	0.00
chr2	43395590	43397151	TCF12	92.66	2	0.19
chr2	44066844	44067923	TCF12	137.66	2	0.00
chr2	45346445	45347756	TCF12	159.54	2	0.00
chr2	45871022	45871922	TCF12	100.87	2	0.07
chr2	46842819	46844825	TCF12	174.09	2	0.00
chr2	47143055	47144045	TCF12	121.37	2	0.00
chr2	47382527	47383827	TCF12	99.89	2	0.07
chr2	47629657	47630643	TCF12	124.20	2	0.00
chr2	48191292	48192361	TCF12	136.62	2	0.00
chr2	48332867	48334679	TCF12	217.83	2	0.00
chr2	48542033	48543564	TCF12	108.13	2	0.00
chr2	54288950	54290036	TCF12	119.57	2	0.00
chr2	54341995	54343495	TCF12	121.40	2	0.00
chr2	54628906	54629892	TCF12	138.53	2	0.00
chr2	54682115	54683146	TCF12	89.53	2	0.18
chr2	56004047	56005066	TCF12	81.67	2	0.58
chr2	58274144	58275002	TCF12	73.21	2	1.03
chr2	60973002	60974004	TCF12	97.45	2	0.14
chr2	61569503	61570737	TCF12	72.55	2	1.12
chr2	61653011	61654399	TCF12	116.63	2	0.00
chr2	64102659	64103534	TCF12	106.27	2	0.00
chr2	64124172	64125102	TCF12	89.34	2	0.18
chr2	64246646	64247644	TCF12	88.61	2	0.23
chr2	64625385	64626449	TCF12	75.12	2	0.84
chr2	65412837	65415129	TCF12	185.89	2	0.00
chr2	66161048	66162052	TCF12	70.03	2	1.45
chr2	69534105	69535107	TCF12	70.24	2	1.45
chr2	69663758	69665257	TCF12	304.33	3	0.00
chr2	69809176	69810170	TCF12	76.88	2	0.81
chr2	70006169	70007341	TCF12	168.33	2	0.00
chr2	70352396	70353346	TCF12	108.35	2	0.00
chr2	71163487	71164652	TCF12	110.95	2	0.00
chr2	71294730	71296494	TCF12	282.77	2	0.00
chr2	71377228	71378753	TCF12	92.42	2	0.19
chr2	72087897	72088919	TCF12	72.02	2	1.27
chr2	73298425	73299404	TCF12	89.96	2	0.18
chr2	74599433	74600386	TCF12	107.97	2	0.00
chr2	74667579	74669198	TCF12	238.86	2	0.00
chr2	74729675	74731030	TCF12	190.99	2	0.00
chr2	79046797	79047765	TCF12	97.81	2	0.07
chr2	85554777	85555726	TCF12	93.59	2	0.19
chr2	85702999	85703932	TCF12	125.20	2	0.00
chr2	96067622	96068758	TCF12	99.15	2	0.07
chr2	96906253	96907403	TCF12	115.54	2	0.00
chr2	97302361	97303520	TCF12	110.28	2	0.00
chr2	97480864	97481726	TCF12	139.65	2	0.00
chr2	99321119	99322160	TCF12	71.61	2	1.31
chr2	99421924	99422909	TCF12	120.28	2	0.00
chr2	105944877	105945862	TCF12	85.37	2	0.34
chr2	106192826	106193849	TCF12	84.93	2	0.39
chr2	106276451	106277429	TCF12	112.83	2	0.00
chr2	106911085	106912076	TCF12	105.52	2	0.00
chr2	109921910	109923099	TCF12	149.10	2	0.00
chr2	110420101	110421080	TCF12	104.69	2	0.00
chr2	111496619	111497674	TCF12	101.76	2	0.07
chr2	114082671	114083687	TCF12	144.07	3	0.00
chr2	118239133	118240075	TCF12	131.51	2	0.00
chr2	120343602	120344565	TCF12	124.19	2	0.00
chr2	121018756	121019757	TCF12	99.76	2	0.07
chr2	121097144	121098202	TCF12	138.13	2	0.00
chr2	121620415	121621820	TCF12	77.07	2	0.76
chr2	121691693	121693746	TCF12	158.22	2	0.00
chr2	127527786	127528715	TCF12	124.42	2	0.00
chr2	134918171	134919195	TCF12	116.73	2	0.00
chr2	136742673	136744241	TCF12	85.30	2	0.39
chr2	138847351	138848377	TCF12	80.01	2	0.73
chr2	142349110	142350047	TCF12	117.30	2	0.00
chr2	151741847	151742977	TCF12	118.73	2	0.00
chr2	157277455	157278374	TCF12	131.83	2	0.00
chr2	158095212	158096198	TCF12	80.06	2	0.73
chr2	160369360	160370459	TCF12	84.16	2	0.50
chr2	163182612	163183660	TCF12	171.30	3	0.00
chr2	171284181	171285195	TCF12	156.88	2	0.00
chr2	171507088	171508025	TCF12	117.30	3	0.00
chr2	172916291	172917599	TCF12	160.23	2	0.00
chr2	174075121	174076295	TCF12	128.27	2	0.00
chr2	174388681	174389592	TCF12	98.41	2	0.07
chr2	176796203	176797259	TCF12	135.89	2	0.00
chr2	176968632	176969628	TCF12	87.98	2	0.23
chr2	178256473	178257449	TCF12	146.45	2	0.00
chr2	179146389	179147468	TCF12	67.62	2	1.82
chr2	179551397	179552421	TCF12	88.69	2	0.23
chr2	180031209	180032233	TCF12	94.88	2	0.20
chr2	182878562	182879586	TCF12	106.86	2	0.00
chr2	183988547	183990070	TCF12	102.53	2	0.08
chr2	187088677	187089588	TCF12	141.60	2	0.00
chr2	190324234	190325136	TCF12	112.44	2	0.00
chr2	197615558	197616868	TCF12	111.01	2	0.00
chr2	200776064	200777273	TCF12	115.79	2	0.00
chr2	200819510	200820545	TCF12	100.27	2	0.07
chr2	202559728	202560851	TCF12	112.68	2	0.00
chr2	204103400	204104550	TCF12	115.26	2	0.00
chr2	206547100	206548589	TCF12	144.65	2	0.00
chr2	207022344	207023752	TCF12	104.02	2	0.00
chr2	208490184	208491139	TCF12	141.14	2	0.00
chr2	218717601	218718528	TCF12	137.78	2	0.00
chr2	218932370	218933322	TCF12	140.85	2	0.00
chr2	219269985	219271017	TCF12	97.81	2	0.07
chr2	219866507	219867744	TCF12	115.83	3	0.00
chr2	220251528	220252585	TCF12	131.99	2	0.00
chr2	220319853	220321040	TCF12	117.99	2	0.00
chr2	220507305	220508358	TCF12	125.05	2	0.00
chr2	220786491	220787424	TCF12	98.59	2	0.07
chr2	227331893	227332794	TCF12	113.73	2	0.00
chr2	228705684	228706699	TCF12	95.92	2	0.20
chr2	230435324	230436356	TCF12	104.74	2	0.00
chr2	231073639	231074410	TCF12	135.15	2	0.00
chr2	231191148	231192439	TCF12	74.48	2	0.89
chr2	232530523	232532333	TCF12	149.27	2	0.00
chr2	232538506	232540019	TCF12	133.83	2	0.00
chr2	232544418	232545690	TCF12	118.76	2	0.00
chr2	232570860	232571945	TCF12	114.74	2	0.00
chr2	232578363	232580718	TCF12	320.57	2	0.00
chr2	232825415	232826634	TCF12	112.70	2	0.00
chr2	233211493	233212522	TCF12	75.36	2	0.80
chr2	233687869	233688969	TCF12	132.47	2	0.00
chr2	233738144	233740160	TCF12	234.01	2	0.00
chr2	235120974	235121998	TCF12	89.69	2	0.18
chr2	236593097	236594162	TCF12	110.91	2	0.00
chr2	236942987	236943982	TCF12	83.44	2	0.49
chr2	242178626	242179747	TCF12	83.23	2	0.49
chr2	242797346	242798386	TCF12	195.48	4	0.00
chr20	396092	397088	TCF12	99.25	2	0.07
chr20	2450361	2451483	TCF12	59.69	2	3.05
chr20	2852846	2853987	TCF12	173.34	3	0.00
chr20	3027234	3028099	TCF12	134.92	3	0.00
chr20	3171035	3172027	TCF12	98.64	2	0.07
chr20	3601301	3602326	TCF12	90.59	2	0.18
chr20	3826677	3827381	TCF12	119.97	2	0.00
chr20	4142158	4143430	TCF12	140.49	2	0.00
chr20	5519643	5520608	TCF12	104.66	2	0.00
chr20	6068264	6069357	TCF12	104.26	2	0.00
chr20	6625626	6626470	TCF12	81.43	2	0.58
chr20	11939302	11940227	TCF12	89.96	2	0.18
chr20	12444769	12445717	TCF12	129.29	2	0.00
chr20	13081562	13083208	TCF12	85.95	2	0.28
chr20	13243228	13244139	TCF12	102.22	2	0.08
chr20	14977164	14978211	TCF12	78.86	2	0.72
chr20	16144455	16145442	TCF12	111.81	2	0.00
chr20	17607086	17608017	TCF12	130.15	2	0.00
chr20	17949208	17951272	TCF12	213.36	2	0.00
chr20	18004818	18005867	TCF12	122.27	3	0.00
chr20	19839926	19841398	TCF12	76.28	2	0.81
chr20	24463683	24464686	TCF12	87.18	2	0.23
chr20	25271919	25272942	TCF12	80.33	2	0.63
chr20	25290041	25291634	TCF12	93.31	2	0.19
chr20	30180742	30182468	TCF12	209.25	2	0.00
chr20	30190400	30191375	TCF12	141.91	2	0.00
chr20	30294151	30295028	TCF12	70.19	2	1.45
chr20	30311534	30312402	TCF12	82.87	2	0.49
chr20	31062499	31063449	TCF12	109.92	2	0.00
chr20	31926178	31927098	TCF12	134.58	2	0.00
chr20	32847577	32848685	TCF12	129.38	2	0.00
chr20	33557773	33558730	TCF12	119.23	2	0.00
chr20	33679005	33680344	TCF12	107.66	2	0.00
chr20	34885794	34886821	TCF12	75.57	2	0.80
chr20	35171756	35172729	TCF12	112.60	2	0.00
chr20	36155997	36157231	TCF12	81.15	2	0.58
chr20	38537769	38538796	TCF12	102.37	2	0.08
chr20	39583287	39584377	TCF12	193.76	3	0.00
chr20	39762481	39763380	TCF12	111.79	2	0.00
chr20	40106126	40107342	TCF12	93.68	2	0.19
chr20	40146744	40147642	TCF12	122.67	2	0.00
chr20	44044523	44045681	TCF12	94.19	2	0.19
chr20	44509147	44510645	TCF12	83.86	2	0.49
chr20	44562524	44563473	TCF12	116.97	2	0.00
chr20	44567195	44568198	TCF12	117.88	2	0.00
chr20	44599924	44601189	TCF12	155.47	2	0.00
chr20	45309507	45310500	TCF12	120.93	2	0.00
chr20	47397846	47398827	TCF12	105.78	2	0.00
chr20	48112287	48113288	TCF12	93.15	2	0.19
chr20	48768810	48769890	TCF12	121.47	3	0.00
chr20	49036465	49037515	TCF12	98.21	2	0.07
chr20	50850718	50851665	TCF12	95.34	2	0.20
chr20	56843112	56844246	TCF12	85.61	2	0.34
chr20	57225593	57226881	TCF12	148.54	2	0.00
chr20	57618046	57619308	TCF12	148.72	2	0.00
chr20	58340269	58341138	TCF12	154.69	3	0.00
chr20	60757204	60758180	TCF12	106.43	2	0.00
chr20	61428797	61429800	TCF12	122.02	2	0.00
chr20	62168514	62169578	TCF12	208.12	3	0.00
chr21	26979122	26980181	TCF12	128.21	3	0.00
chr21	27345224	27346181	TCF12	118.48	2	0.00
chr21	33104753	33105809	TCF12	118.28	2	0.00
chr21	33259952	33260930	TCF12	108.32	2	0.00
chr21	33984473	33985771	TCF12	87.61	2	0.23
chr21	34752314	34753358	TCF12	103.33	2	0.08
chr21	35917198	35918351	TCF12	100.60	2	0.07
chr21	37943191	37944568	TCF12	79.70	2	0.73
chr21	38629193	38630809	TCF12	159.18	2	0.00
chr21	43543370	43544858	TCF12	195.56	2	0.00
chr21	43800639	43801793	TCF12	113.51	2	0.00
chr21	46704192	46705174	TCF12	99.85	2	0.07
chr21	47509415	47510410	TCF12	102.72	2	0.08
chr21	47706571	47707625	TCF12	112.57	2	0.00
chr21	47875838	47876807	TCF12	107.36	2	0.00
chr22	17304910	17305732	TCF12	102.99	2	0.08
chr22	17592467	17593539	TCF12	74.44	2	0.89
chr22	17746649	17747740	TCF12	82.74	2	0.49
chr22	18262166	18263283	TCF12	89.53	2	0.18
chr22	18265137	18266102	TCF12	99.78	2	0.07
chr22	18484065	18485047	TCF12	105.65	2	0.00
chr22	19813371	19814744	TCF12	59.98	2	3.00
chr22	19842793	19843997	TCF12	88.45	2	0.23
chr22	19896780	19898203	TCF12	60.96	2	2.82
chr22	20783702	20784800	TCF12	128.99	2	0.00
chr22	20818326	20819357	TCF12	84.04	2	0.50
chr22	21355057	21356422	TCF12	167.17	2	0.00
chr22	21997256	21998444	TCF12	148.26	2	0.00
chr22	22753014	22753855	TCF12	89.69	2	0.18
chr22	23008542	23009544	TCF12	97.45	2	0.14
chr22	24183023	24184241	TCF12	122.39	2	0.00
chr22	24915749	24916764	TCF12	128.09	2	0.00
chr22	25387681	25388695	TCF12	129.61	2	0.00
chr22	25791247	25792380	TCF12	83.01	2	0.49
chr22	26391954	26392845	TCF12	143.30	2	0.00
chr22	26824041	26825108	TCF12	106.17	2	0.00
chr22	27054070	27055062	TCF12	159.82	3	0.00
chr22	27857597	27858772	TCF12	170.70	2	0.00
chr22	30027683	30029030	TCF12	71.05	2	1.36
chr22	30163372	30165126	TCF12	247.15	2	0.00
chr22	30682443	30684064	TCF12	173.90	2	0.00
chr22	30821677	30823430	TCF12	159.48	2	0.00
chr22	31742936	31744078	TCF12	166.41	3	0.00
chr22	32008789	32009822	TCF12	157.41	3	0.00
chr22	32024880	32027383	TCF12	336.87	2	0.00
chr22	32077461	32078385	TCF12	119.06	2	0.00
chr22	35694970	35695857	TCF12	92.12	2	0.19
chr22	35747911	35749234	TCF12	151.11	2	0.00
chr22	36402131	36403122	TCF12	87.09	2	0.23
chr22	36635104	36636349	TCF12	107.45	2	0.00
chr22	36876768	36878164	TCF12	163.91	2	0.00
chr22	37415953	37416978	TCF12	75.79	2	0.80
chr22	37957002	37958548	TCF12	129.80	2	0.00
chr22	38039413	38040427	TCF12	101.55	2	0.07
chr22	38164325	38165342	TCF12	83.72	2	0.49
chr22	38505706	38506932	TCF12	121.35	2	0.00
chr22	38818309	38819630	TCF12	124.75	2	0.00
chr22	39914819	39917096	TCF12	199.71	2	0.00
chr22	40742045	40743412	TCF12	127.37	2	0.00
chr22	42474820	42476014	TCF12	157.93	2	0.00
chr22	42485878	42487809	TCF12	230.67	2	0.00
chr22	43547827	43548993	TCF12	294.89	4	0.00
chr22	44207728	44209371	TCF12	103.54	2	0.08
chr22	44320854	44322020	TCF12	71.17	2	1.36
chr22	45096964	45097883	TCF12	103.45	2	0.08
chr22	46041722	46042691	TCF12	129.33	2	0.00
chr22	46408484	46410239	TCF12	252.94	2	0.00
chr22	46423601	46424999	TCF12	178.73	2	0.00
chr22	46432065	46433316	TCF12	147.71	2	0.00
chr22	46492018	46493360	TCF12	141.40	2	0.00
chr22	46495790	46496973	TCF12	120.67	2	0.00
chr22	47112487	47113937	TCF12	82.69	2	0.48
chr22	47506606	47507639	TCF12	110.36	2	0.00
chr22	47731009	47732037	TCF12	73.81	2	1.03
chr22	50219376	50220328	TCF12	174.54	4	0.00
chr22	50319001	50320091	TCF12	74.23	2	0.94
chr22	50323500	50324519	TCF12	120.02	2	0.00
chr22	51115520	51116509	TCF12	116.07	3	0.00
chr3	9931821	9933318	TCF12	99.87	2	0.07
chr3	10028143	10029136	TCF12	119.20	2	0.00
chr3	10233026	10234329	TCF12	66.29	2	2.05
chr3	10962062	10963089	TCF12	81.12	2	0.58
chr3	11161442	11162601	TCF12	124.10	2	0.00
chr3	12646344	12647366	TCF12	85.04	2	0.39
chr3	13007913	13009012	TCF12	113.15	2	0.00
chr3	13067028	13068091	TCF12	134.55	2	0.00
chr3	13937070	13938892	TCF12	224.91	3	0.00
chr3	14349255	14350250	TCF12	117.70	2	0.00
chr3	30534007	30534723	TCF12	117.72	2	0.00
chr3	33962779	33963796	TCF12	111.21	2	0.00
chr3	36828643	36829603	TCF12	114.57	2	0.00
chr3	38065097	38067469	TCF12	174.60	2	0.00
chr3	38218652	38219678	TCF12	68.49	2	1.58
chr3	39540558	39541532	TCF12	65.11	2	2.18
chr3	42530693	42532765	TCF12	159.37	2	0.00
chr3	42580848	42582073	TCF12	61.36	2	2.77
chr3	42845285	42846824	TCF12	199.81	2	0.00
chr3	44531651	44532662	TCF12	86.27	2	0.28
chr3	45734410	45735740	TCF12	70.55	2	1.45
chr3	46950678	46952267	TCF12	201.31	2	0.00
chr3	46964171	46965145	TCF12	107.78	2	0.00
chr3	47020156	47021275	TCF12	169.82	3	0.00
chr3	47022994	47023932	TCF12	165.49	3	0.00
chr3	47421603	47423658	TCF12	304.78	2	0.00
chr3	47554142	47555885	TCF12	169.09	2	0.00
chr3	47823364	47824252	TCF12	108.29	2	0.00
chr3	48427690	48428709	TCF12	113.34	2	0.00
chr3	48540508	48541526	TCF12	95.58	2	0.20
chr3	48715109	48716102	TCF12	98.52	2	0.07
chr3	49054644	49055602	TCF12	151.45	2	0.00
chr3	49157076	49158211	TCF12	257.57	4	0.00
chr3	49577577	49578702	TCF12	103.88	2	0.00
chr3	49841454	49842473	TCF12	94.39	2	0.19
chr3	50297734	50299355	TCF12	216.70	3	0.00
chr3	50606413	50607375	TCF12	101.23	2	0.07
chr3	50651380	50652694	TCF12	61.21	2	2.82
chr3	51392046	51393075	TCF12	108.19	2	0.00
chr3	51420325	51421179	TCF12	96.57	2	0.20
chr3	51571620	51572774	TCF12	104.12	2	0.00
chr3	52273849	52274818	TCF12	107.09	2	0.00
chr3	52570048	52572443	TCF12	214.88	2	0.00
chr3	52740047	52740909	TCF12	132.15	2	0.00
chr3	52880960	52881967	TCF12	100.15	2	0.07
chr3	53072578	53074052	TCF12	103.17	2	0.08
chr3	53840400	53841585	TCF12	108.62	2	0.00
chr3	54545187	54546460	TCF12	152.04	3	0.00
chr3	58291567	58292786	TCF12	125.98	2	0.00
chr3	58554505	58555585	TCF12	147.68	2	0.00
chr3	58643867	58645876	TCF12	232.51	2	0.00
chr3	65990774	65991790	TCF12	80.21	2	0.63
chr3	66025040	66026090	TCF12	107.07	2	0.00
chr3	66571607	66572651	TCF12	90.86	2	0.18
chr3	84342060	84343047	TCF12	171.37	2	0.00
chr3	93698426	93699706	TCF12	120.75	3	0.00
chr3	93744344	93745556	TCF12	101.75	2	0.07
chr3	94038831	94039763	TCF12	115.49	2	0.00
chr3	100054019	100055092	TCF12	67.42	2	1.86
chr3	101292024	101293435	TCF12	97.23	2	0.14
chr3	105084716	105086097	TCF12	63.20	2	2.45
chr3	109303915	109304810	TCF12	91.07	2	0.18
chr3	112199539	112201021	TCF12	87.45	2	0.23
chr3	112708966	112710826	TCF12	136.49	2	0.00
chr3	119187136	119188162	TCF12	106.61	2	0.00
chr3	119569033	119570037	TCF12	108.73	2	0.00
chr3	122263926	122264957	TCF12	84.04	2	0.50
chr3	123602127	123603083	TCF12	120.58	2	0.00
chr3	126135296	126136255	TCF12	83.17	2	0.49
chr3	126500736	126501939	TCF12	102.22	2	0.08
chr3	126775690	126776833	TCF12	86.75	2	0.23
chr3	127889699	127890783	TCF12	123.52	2	0.00
chr3	129230392	129231556	TCF12	124.37	2	0.00
chr3	129321210	129322209	TCF12	142.05	2	0.00
chr3	131082156	131083524	TCF12	148.61	2	0.00
chr3	131099786	131100818	TCF12	89.42	2	0.18
chr3	133612671	133613854	TCF12	175.03	3	0.00
chr3	134093585	134094774	TCF12	164.33	2	0.00
chr3	134122215	134123300	TCF12	117.76	2	0.00
chr3	135408973	135409968	TCF12	79.05	2	0.72
chr3	138641673	138642890	TCF12	99.20	2	0.07
chr3	138877320	138878364	TCF12	105.51	2	0.00
chr3	140531168	140532193	TCF12	84.71	2	0.44
chr3	141206357	141207428	TCF12	158.31	2	0.00
chr3	146045051	146046041	TCF12	71.52	2	1.31
chr3	148869265	148870426	TCF12	99.99	2	0.07
chr3	150324856	150325925	TCF12	82.41	2	0.54
chr3	150863049	150864765	TCF12	133.85	2	0.00
chr3	154107472	154108483	TCF12	94.26	2	0.19
chr3	156855700	156856516	TCF12	105.01	2	0.00
chr3	157674521	157675518	TCF12	78.83	2	0.72
chr3	157821556	157822526	TCF12	95.00	2	0.20
chr3	158440301	158442043	TCF12	100.27	2	0.07
chr3	159648785	159649748	TCF12	82.70	2	0.49
chr3	169796934	169798514	TCF12	134.78	2	0.00
chr3	169850943	169851764	TCF12	110.00	2	0.00
chr3	170706285	170707522	TCF12	109.99	2	0.00
chr3	172257183	172258157	TCF12	103.04	2	0.08
chr3	176996678	176997619	TCF12	77.03	2	0.76
chr3	176999835	177001138	TCF12	100.61	2	0.07
chr3	180319025	180320644	TCF12	161.38	2	0.00
chr3	180629820	180630811	TCF12	114.60	2	0.00
chr3	182557711	182558741	TCF12	89.65	2	0.18
chr3	183601476	183603194	TCF12	145.41	2	0.00
chr3	184042985	184044159	TCF12	74.22	2	0.94
chr3	184052802	184053800	TCF12	87.75	2	0.23
chr3	184280737	184281898	TCF12	89.27	2	0.18
chr3	184305837	184306864	TCF12	104.75	2	0.00
chr3	185245641	185246593	TCF12	125.87	2	0.00
chr3	185654780	185656193	TCF12	108.64	2	0.00
chr3	186288350	186289972	TCF12	107.32	2	0.00
chr3	186411906	186412961	TCF12	118.51	2	0.00
chr3	186523519	186525262	TCF12	220.59	2	0.00
chr3	187672413	187673479	TCF12	86.43	2	0.23
chr3	191485719	191486732	TCF12	146.25	3	0.00
chr3	192634423	192635456	TCF12	80.44	2	0.63
chr3	193118649	193119659	TCF12	96.51	2	0.20
chr3	193612880	193613842	TCF12	98.09	2	0.07
chr3	193742965	193744059	TCF12	85.19	2	0.39
chr3	195620729	195621825	TCF12	96.72	2	0.20
chr3	195633292	195634452	TCF12	95.60	2	0.20
chr3	195957827	195958829	TCF12	107.42	2	0.00
chr3	196158907	196159881	TCF12	112.47	2	0.00
chr3	196697133	196698138	TCF12	108.60	2	0.00
chr4	698288	699577	TCF12	157.81	3	0.00
chr4	1160782	1162191	TCF12	112.13	2	0.00
chr4	1575591	1576620	TCF12	118.79	2	0.00
chr4	1977784	1978757	TCF12	100.95	2	0.07
chr4	2594090	2595049	TCF12	121.38	2	0.00
chr4	2792902	2793770	TCF12	130.94	2	0.00
chr4	7666924	7667885	TCF12	152.39	3	0.00
chr4	8297229	8298261	TCF12	110.48	2	0.00
chr4	16415378	16416350	TCF12	106.96	2	0.00
chr4	17811428	17812834	TCF12	88.51	2	0.23
chr4	24106192	24107188	TCF12	99.55	2	0.07
chr4	38621261	38622158	TCF12	94.05	2	0.19
chr4	38675697	38676718	TCF12	55.34	2	4.75
chr4	39699988	39700883	TCF12	125.27	2	0.00
chr4	40301804	40302805	TCF12	114.48	2	0.00
chr4	40689951	40691203	TCF12	99.57	2	0.07
chr4	47106985	47108158	TCF12	147.18	2	0.00
chr4	49003712	49004893	TCF12	131.54	2	0.00
chr4	53758084	53759100	TCF12	99.09	2	0.07
chr4	54544092	54545081	TCF12	82.34	2	0.54
chr4	54681892	54683043	TCF12	90.38	2	0.18
chr4	54933206	54934536	TCF12	97.57	2	0.14
chr4	55091727	55093097	TCF12	182.63	2	0.00
chr4	57302397	57303359	TCF12	93.96	2	0.19
chr4	74636165	74637227	TCF12	107.22	2	0.00
chr4	75718808	75720369	TCF12	112.96	2	0.00
chr4	76597503	76599072	TCF12	213.61	2	0.00
chr4	82393387	82394385	TCF12	108.24	2	0.00
chr4	83934151	83935255	TCF12	100.43	2	0.07
chr4	84116269	84117508	TCF12	57.44	2	3.83
chr4	87643799	87644876	TCF12	67.82	2	1.77
chr4	87811667	87812951	TCF12	158.51	2	0.00
chr4	88343381	88344371	TCF12	104.84	2	0.00
chr4	89470431	89471460	TCF12	84.26	2	0.44
chr4	89618322	89619312	TCF12	94.65	2	0.19
chr4	100918624	100919648	TCF12	124.16	2	0.00
chr4	101649475	101650491	TCF12	68.77	2	1.58
chr4	102750899	102751844	TCF12	103.38	2	0.08
chr4	103265867	103266796	TCF12	74.59	2	0.89
chr4	103496443	103497402	TCF12	109.54	2	0.00
chr4	106628616	106630462	TCF12	207.48	2	0.00
chr4	108452361	108453399	TCF12	122.33	2	0.00
chr4	109441677	109442835	TCF12	125.10	2	0.00
chr4	109493446	109494626	TCF12	78.01	2	0.72
chr4	109905991	109906951	TCF12	102.57	2	0.08
chr4	111556856	111558123	TCF12	89.11	2	0.24
chr4	111736173	111737584	TCF12	56.92	2	3.82
chr4	115706451	115707392	TCF12	101.74	2	0.07
chr4	120219623	120221222	TCF12	77.63	2	0.71
chr4	123736277	123737286	TCF12	113.43	2	0.00
chr4	124520710	124521736	TCF12	71.75	2	1.31
chr4	129473631	129475055	TCF12	148.91	2	0.00
chr4	140775075	140776060	TCF12	72.84	2	1.03
chr4	142484700	142485527	TCF12	118.74	2	0.00
chr4	142556994	142558021	TCF12	79.90	2	0.73
chr4	147112139	147113160	TCF12	85.15	2	0.39
chr4	147442948	147444094	TCF12	120.29	2	0.00
chr4	151593712	151594663	TCF12	72.81	2	1.03
chr4	151935891	151936887	TCF12	138.43	2	0.00
chr4	152863633	152864654	TCF12	117.00	2	0.00
chr4	152915538	152916690	TCF12	131.33	2	0.00
chr4	154407998	154409327	TCF12	84.42	2	0.44
chr4	158115024	158116071	TCF12	132.55	3	0.00
chr4	160348668	160349437	TCF12	109.22	2	0.00
chr4	169401155	169402130	TCF12	86.45	2	0.23
chr4	174088760	174089882	TCF12	103.55	2	0.08
chr4	184105912	184106959	TCF12	108.61	2	0.00
chr4	184383897	184384879	TCF12	127.60	2	0.00
chr4	185119529	185120424	TCF12	100.53	2	0.07
chr4	185655198	185656324	TCF12	125.89	2	0.00
chr4	187660856	187661832	TCF12	109.17	2	0.00
chr4	189745089	189746033	TCF12	91.24	2	0.18
chr5	188137	189274	TCF12	145.87	2	0.00
chr5	456817	458089	TCF12	114.68	2	0.00
chr5	647349	648363	TCF12	76.97	2	0.81
chr5	2956573	2957641	TCF12	115.51	2	0.00
chr5	3488831	3489858	TCF12	104.75	2	0.00
chr5	5111235	5112490	TCF12	99.70	2	0.07
chr5	6715887	6717389	TCF12	62.77	2	2.54
chr5	9441778	9442788	TCF12	80.59	2	0.58
chr5	11240489	11241615	TCF12	105.28	2	0.00
chr5	14716705	14718091	TCF12	93.92	2	0.19
chr5	29002496	29003598	TCF12	106.12	2	0.00
chr5	31638214	31639307	TCF12	141.91	2	0.00
chr5	41869731	41871774	TCF12	277.82	2	0.00
chr5	54010993	54012108	TCF12	92.49	2	0.19
chr5	54602945	54604948	TCF12	194.22	2	0.00
chr5	56389409	56390486	TCF12	89.00	2	0.24
chr5	56469434	56470992	TCF12	209.52	2	0.00
chr5	58581473	58582528	TCF12	93.90	2	0.19
chr5	58760244	58761562	TCF12	71.74	2	1.31
chr5	60457140	60460606	TCF12	467.82	2	0.00
chr5	63592030	63593066	TCF12	98.65	2	0.07
chr5	65794473	65795464	TCF12	88.56	2	0.23
chr5	72250607	72251917	TCF12	202.59	2	0.00
chr5	73647228	73648138	TCF12	98.54	2	0.07
chr5	76163604	76165909	TCF12	141.89	2	0.00
chr5	79137901	79139195	TCF12	128.82	2	0.00
chr5	83707724	83708668	TCF12	104.60	2	0.00
chr5	87220910	87221904	TCF12	95.21	2	0.20
chr5	90999238	91000179	TCF12	131.09	2	0.00
chr5	92603677	92604560	TCF12	124.82	3	0.00
chr5	92646097	92646844	TCF12	92.37	2	0.19
chr5	92917046	92917897	TCF12	104.61	2	0.00
chr5	95148281	95149455	TCF12	91.00	2	0.18
chr5	100573785	100574815	TCF12	84.15	2	0.50
chr5	109763724	109764663	TCF12	77.26	2	0.76
chr5	114631192	114632154	TCF12	80.67	2	0.58
chr5	114802904	114803843	TCF12	71.80	2	1.32
chr5	121462250	121463280	TCF12	57.62	2	3.69
chr5	121826338	121827606	TCF12	69.44	2	1.44
chr5	124693028	124694064	TCF12	109.98	2	0.00
chr5	129968031	129969053	TCF12	111.75	2	0.00
chr5	131037993	131039553	TCF12	90.83	2	0.18
chr5	131347960	131349400	TCF12	127.05	2	0.00
chr5	133002808	133004013	TCF12	55.86	2	4.34
chr5	133379801	133380863	TCF12	96.87	2	0.20
chr5	133701878	133703577	TCF12	157.69	2	0.00
chr5	133801143	133803269	TCF12	161.48	2	0.00
chr5	133890986	133892268	TCF12	162.62	2	0.00
chr5	133967417	133968448	TCF12	75.15	2	0.84
chr5	134401973	134403019	TCF12	94.56	2	0.19
chr5	134579278	134580337	TCF12	67.79	2	1.77
chr5	134801548	134802943	TCF12	93.34	2	0.19
chr5	134887425	134888444	TCF12	84.62	2	0.44
chr5	135169709	135171298	TCF12	131.03	3	0.00
chr5	137799796	137800501	TCF12	159.80	3	0.00
chr5	138028902	138029891	TCF12	79.72	2	0.73
chr5	139743419	139744409	TCF12	69.62	2	1.44
chr5	140077611	140078958	TCF12	89.36	2	0.18
chr5	141140796	141141729	TCF12	83.70	2	0.49
chr5	144078386	144079412	TCF12	79.12	2	0.72
chr5	149619706	149620755	TCF12	75.39	2	0.80
chr5	149860743	149861723	TCF12	89.85	2	0.18
chr5	150050223	150051113	TCF12	111.82	2	0.00
chr5	153569016	153570062	TCF12	86.83	2	0.23
chr5	162996365	162997438	TCF12	72.81	2	1.03
chr5	165562077	165563022	TCF12	94.08	2	0.19
chr5	167223254	167224245	TCF12	51.78	2	6.54
chr5	172114135	172115127	TCF12	122.39	2	0.00
chr5	172359206	172360188	TCF12	139.88	2	0.00
chr5	174411952	174412900	TCF12	81.02	2	0.58
chr5	175294608	175295865	TCF12	109.55	2	0.00
chr5	176051850	176053425	TCF12	155.68	2	0.00
chr5	176699161	176700191	TCF12	62.99	2	2.55
chr5	176732728	176733534	TCF12	103.43	2	0.08
chr5	176739382	176740572	TCF12	163.89	3	0.00
chr5	177580050	177581180	TCF12	82.09	2	0.53
chr5	177675272	177676225	TCF12	83.88	2	0.49
chr5	179104805	179106260	TCF12	151.49	2	0.00
chr5	179124908	179125926	TCF12	155.31	2	0.00
chr5	179136489	179138379	TCF12	178.36	2	0.00
chr5	179158117	179159415	TCF12	91.72	2	0.19
chr5	180236629	180237959	TCF12	59.78	2	3.00
chr6	427929	428835	TCF12	126.76	2	0.00
chr6	816410	817797	TCF12	85.51	2	0.34
chr6	1581052	1582157	TCF12	125.81	2	0.00
chr6	1991804	1992834	TCF12	89.65	2	0.18
chr6	2196244	2197435	TCF12	89.94	2	0.18
chr6	2553845	2554876	TCF12	70.29	2	1.45
chr6	2633188	2634208	TCF12	91.79	2	0.19
chr6	3907987	3909344	TCF12	112.98	2	0.00
chr6	6862510	6863782	TCF12	57.17	2	3.83
chr6	7260239	7262121	TCF12	248.31	2	0.00
chr6	7338810	7340063	TCF12	130.69	2	0.00
chr6	10317468	10318437	TCF12	107.36	2	0.00
chr6	10426591	10427520	TCF12	70.94	2	1.40
chr6	11160153	11161069	TCF12	103.92	2	0.00
chr6	12233357	12234638	TCF12	64.27	2	2.32
chr6	13327650	13328716	TCF12	101.72	2	0.07
chr6	13575790	13576807	TCF12	76.64	2	0.81
chr6	15675222	15676234	TCF12	99.35	2	0.07
chr6	17778395	17779223	TCF12	139.83	3	0.00
chr6	19363209	19364242	TCF12	117.74	2	0.00
chr6	20292375	20293114	TCF12	126.64	2	0.00
chr6	20821525	20822501	TCF12	71.53	2	1.31
chr6	25381435	25382280	TCF12	106.47	2	0.00
chr6	25607431	25608481	TCF12	87.32	2	0.23
chr6	26596487	26597749	TCF12	121.72	2	0.00
chr6	27661285	27662591	TCF12	121.56	2	0.00
chr6	27791603	27792964	TCF12	90.65	2	0.18
chr6	28182442	28183957	TCF12	106.21	2	0.00
chr6	33380055	33381063	TCF12	121.39	2	0.00
chr6	34121848	34122687	TCF12	131.39	2	0.00
chr6	34724817	34726133	TCF12	117.84	2	0.00
chr6	36096069	36096841	TCF12	131.10	2	0.00
chr6	36643586	36645148	TCF12	166.65	3	0.00
chr6	37027109	37028477	TCF12	137.96	2	0.00
chr6	37212608	37213915	TCF12	71.38	2	1.31
chr6	38741892	38742719	TCF12	80.04	2	0.73
chr6	38901119	38902060	TCF12	121.73	2	0.00
chr6	39133643	39135280	TCF12	94.02	2	0.19
chr6	39845831	39846758	TCF12	185.20	2	0.00
chr6	40301334	40302509	TCF12	136.59	3	0.00
chr6	41709326	41710306	TCF12	99.69	2	0.07
chr6	41754433	41755381	TCF12	86.24	2	0.28
chr6	41907609	41908579	TCF12	97.05	2	0.20
chr6	42134203	42135232	TCF12	159.92	2	0.00
chr6	42994903	42995823	TCF12	87.89	2	0.23
chr6	43020953	43022680	TCF12	180.08	2	0.00
chr6	43098075	43099099	TCF12	106.31	2	0.00
chr6	43575723	43576650	TCF12	109.19	2	0.00
chr6	43773540	43775215	TCF12	165.24	2	0.00
chr6	43986456	43987740	TCF12	96.15	2	0.20
chr6	44270158	44271444	TCF12	264.79	3	0.00
chr6	44756778	44757876	TCF12	91.58	2	0.19
chr6	46226921	46228020	TCF12	125.59	2	0.00
chr6	47173410	47174695	TCF12	90.69	2	0.18
chr6	52227055	52227984	TCF12	99.61	2	0.07
chr6	52344790	52345753	TCF12	82.70	2	0.49
chr6	52529524	52530487	TCF12	73.73	2	1.03
chr6	53036575	53037751	TCF12	97.99	2	0.07
chr6	55850141	55851171	TCF12	149.87	2	0.00
chr6	56066986	56067965	TCF12	158.34	3	0.00
chr6	56281404	56282568	TCF12	96.09	2	0.20
chr6	71275842	71277081	TCF12	135.53	2	0.00
chr6	75675116	75676387	TCF12	103.59	2	0.08
chr6	75983487	75984411	TCF12	78.25	2	0.72
chr6	77221808	77222795	TCF12	94.89	2	0.20
chr6	80786196	80787333	TCF12	129.47	2	0.00
chr6	82950362	82951424	TCF12	109.15	2	0.00
chr6	83075124	83075954	TCF12	113.89	2	0.00
chr6	83906841	83908176	TCF12	100.22	2	0.07
chr6	90560707	90561746	TCF12	149.98	2	0.00
chr6	92378941	92379838	TCF12	136.43	2	0.00
chr6	100209660	100210768	TCF12	116.68	2	0.00
chr6	106758779	106759768	TCF12	97.68	2	0.07
chr6	106929113	106930034	TCF12	115.75	2	0.00
chr6	106957608	106959077	TCF12	127.08	2	0.00
chr6	107140794	107141848	TCF12	70.22	2	1.45
chr6	109670508	109671588	TCF12	121.95	2	0.00
chr6	109762257	109763683	TCF12	121.21	2	0.00
chr6	109775908	109776893	TCF12	77.65	2	0.71
chr6	110503740	110504704	TCF12	77.56	2	0.71
chr6	114315719	114316839	TCF12	127.79	2	0.00
chr6	126239665	126241027	TCF12	72.96	2	1.03
chr6	129793745	129794604	TCF12	101.22	2	0.07
chr6	132129308	132130322	TCF12	88.27	2	0.23
chr6	132722795	132723792	TCF12	102.48	2	0.08
chr6	135339851	135340793	TCF12	68.78	2	1.59
chr6	136415182	136416200	TCF12	104.49	2	0.00
chr6	138992495	138993846	TCF12	134.44	2	0.00
chr6	140172237	140173195	TCF12	107.33	2	0.00
chr6	142985395	142986607	TCF12	119.69	2	0.00
chr6	143521376	143522301	TCF12	94.65	2	0.19
chr6	144163922	144165208	TCF12	112.79	2	0.00
chr6	150216885	150217765	TCF12	91.38	2	0.18
chr6	150234534	150235557	TCF12	137.31	2	0.00
chr6	150283854	150284860	TCF12	96.98	2	0.20
chr6	152059483	152060424	TCF12	116.77	2	0.00
chr6	158423718	158424914	TCF12	107.20	2	0.00
chr6	158482694	158483718	TCF12	107.54	2	0.00
chr6	159415873	159416981	TCF12	72.37	2	1.22
chr6	159527869	159529083	TCF12	90.00	2	0.18
chr6	159978380	159979371	TCF12	94.53	2	0.19
chr6	166731550	166732867	TCF12	151.85	3	0.00
chr6	168519950	168520925	TCF12	113.59	2	0.00
chr6	170089950	170091072	TCF12	106.93	2	0.00
chr6	170603527	170604553	TCF12	94.65	2	0.19
chr6	170882473	170883461	TCF12	77.58	2	0.71
chr7	765007	766386	TCF12	97.05	2	0.20
chr7	786196	787336	TCF12	93.61	2	0.19
chr7	844324	845685	TCF12	110.66	2	0.00
chr7	917564	918443	TCF12	83.98	2	0.49
chr7	996717	997721	TCF12	123.32	2	0.00
chr7	1053783	1055019	TCF12	130.02	3	0.00
chr7	1588508	1589467	TCF12	127.38	2	0.00
chr7	2263525	2264869	TCF12	119.49	2	0.00
chr7	2281684	2282831	TCF12	112.53	2	0.00
chr7	2405178	2406611	TCF12	98.75	2	0.07
chr7	2430819	2431587	TCF12	92.21	2	0.19
chr7	2670423	2671356	TCF12	107.14	2	0.00
chr7	2671765	2672700	TCF12	110.31	2	0.00
chr7	4191438	4192828	TCF12	59.05	2	3.37
chr7	4813721	4816189	TCF12	145.06	2	0.00
chr7	4917058	4917894	TCF12	116.26	2	0.00
chr7	5110871	5111885	TCF12	95.33	2	0.20
chr7	5113061	5114056	TCF12	90.04	2	0.18
chr7	5468301	5470369	TCF12	155.39	2	0.00
chr7	5470830	5472179	TCF12	62.77	2	2.54
chr7	5526004	5527250	TCF12	153.83	2	0.00
chr7	5588655	5589735	TCF12	123.85	2	0.00
chr7	5597102	5598505	TCF12	126.47	2	0.00
chr7	5901534	5902575	TCF12	103.73	2	0.08
chr7	8822398	8823690	TCF12	98.72	2	0.07
chr7	10832255	10833270	TCF12	63.79	2	2.41
chr7	21104299	21105335	TCF12	78.44	2	0.72
chr7	23338683	23340398	TCF12	128.84	2	0.00
chr7	26663582	26664587	TCF12	58.14	2	3.51
chr7	27274472	27276055	TCF12	180.61	3	0.00
chr7	31011507	31012565	TCF12	75.80	2	0.80
chr7	31212135	31213671	TCF12	80.63	2	0.58
chr7	34018331	34019777	TCF12	80.68	2	0.58
chr7	35734508	35735771	TCF12	78.22	2	0.72
chr7	36348782	36349888	TCF12	88.77	2	0.23
chr7	37346055	37346950	TCF12	82.32	2	0.54
chr7	39710278	39711477	TCF12	110.90	2	0.00
chr7	40280211	40281103	TCF12	76.05	2	0.80
chr7	40740233	40741350	TCF12	88.52	2	0.23
chr7	42927703	42929327	TCF12	173.69	2	0.00
chr7	44151026	44152184	TCF12	124.42	2	0.00
chr7	45025157	45028201	TCF12	97.64	2	0.07
chr7	45168779	45170231	TCF12	71.16	2	1.36
chr7	45808120	45809127	TCF12	179.53	3	0.00
chr7	46364287	46365212	TCF12	78.92	2	0.72
chr7	47382315	47383368	TCF12	104.29	2	0.00
chr7	47678242	47679489	TCF12	157.92	2	0.00
chr7	48698175	48699228	TCF12	78.89	2	0.72
chr7	49097777	49098848	TCF12	99.82	2	0.07
chr7	49158914	49159914	TCF12	76.19	2	0.80
chr7	51330683	51332268	TCF12	122.84	2	0.00
chr7	64941375	64942407	TCF12	93.97	2	0.19
chr7	65877963	65879474	TCF12	148.51	2	0.00
chr7	66002669	66003620	TCF12	116.52	2	0.00
chr7	66118495	66120091	TCF12	211.93	3	0.00
chr7	67863059	67864065	TCF12	84.02	2	0.49
chr7	68532189	68533185	TCF12	78.09	2	0.72
chr7	69014129	69015163	TCF12	80.32	2	0.63
chr7	70401467	70402508	TCF12	88.36	2	0.23
chr7	71318897	71319972	TCF12	75.81	2	0.80
chr7	71774280	71775306	TCF12	77.38	2	0.76
chr7	72720941	72722432	TCF12	108.91	2	0.00
chr7	72757477	72758495	TCF12	80.49	2	0.63
chr7	72936469	72937512	TCF12	109.77	2	0.00
chr7	73001604	73002557	TCF12	75.64	2	0.80
chr7	73223248	73224652	TCF12	78.90	2	0.72
chr7	73263196	73264530	TCF12	115.20	2	0.00
chr7	73667726	73669715	TCF12	260.94	2	0.00
chr7	74018843	74019918	TCF12	157.66	2	0.00
chr7	74070978	74071977	TCF12	87.64	2	0.23
chr7	75277137	75278284	TCF12	111.75	2	0.00
chr7	75608232	75609232	TCF12	87.52	2	0.23
chr7	75656321	75657340	TCF12	106.91	2	0.00
chr7	75676417	75677586	TCF12	118.83	2	0.00
chr7	75920202	75921727	TCF12	65.55	2	2.13
chr7	81135854	81136915	TCF12	126.59	2	0.00
chr7	81492379	81493580	TCF12	84.62	2	0.44
chr7	89296589	89297472	TCF12	124.82	2	0.00
chr7	90996259	90997360	TCF12	76.40	2	0.81
chr7	91763464	91764575	TCF12	121.64	2	0.00
chr7	92218843	92220456	TCF12	177.89	2	0.00
chr7	96147859	96148781	TCF12	71.75	2	1.31
chr7	96482570	96483631	TCF12	86.07	2	0.28
chr7	98117149	98118047	TCF12	74.59	2	0.89
chr7	98658447	98659374	TCF12	88.81	2	0.24
chr7	99062805	99064355	TCF12	156.78	2	0.00
chr7	99213571	99215579	TCF12	195.08	2	0.00
chr7	100074293	100075500	TCF12	75.27	2	0.80
chr7	100179242	100180391	TCF12	186.49	2	0.00
chr7	100425180	100426179	TCF12	109.10	2	0.00
chr7	100456692	100457759	TCF12	118.16	2	0.00
chr7	100471633	100473388	TCF12	74.92	2	0.84
chr7	100476904	100478456	TCF12	95.72	2	0.20
chr7	100493575	100494472	TCF12	138.26	2	0.00
chr7	100652567	100653885	TCF12	104.20	2	0.00
chr7	100729863	100730966	TCF12	115.46	2	0.00
chr7	100731903	100732922	TCF12	100.93	2	0.07
chr7	101181253	101182758	TCF12	193.25	3	0.00
chr7	101275776	101276787	TCF12	77.29	2	0.76
chr7	101770807	101772048	TCF12	161.19	2	0.00
chr7	101913618	101914584	TCF12	94.73	2	0.20
chr7	102107178	102108253	TCF12	133.88	2	0.00
chr7	102753205	102754169	TCF12	91.76	2	0.19
chr7	107553933	107555070	TCF12	83.64	2	0.49
chr7	108165971	108167785	TCF12	200.34	2	0.00
chr7	118837851	118838820	TCF12	82.01	2	0.53
chr7	121080844	121081904	TCF12	109.10	2	0.00
chr7	121221620	121222866	TCF12	116.05	2	0.00
chr7	121605882	121606905	TCF12	76.00	2	0.80
chr7	127929858	127930837	TCF12	89.96	2	0.18
chr7	128116264	128117949	TCF12	135.71	2	0.00
chr7	128525390	128526714	TCF12	98.41	2	0.07
chr7	129208922	129210146	TCF12	81.71	2	0.58
chr7	131502666	131503614	TCF12	101.91	2	0.08
chr7	134330475	134332155	TCF12	128.90	2	0.00
chr7	137152767	137153690	TCF12	96.86	2	0.20
chr7	139002392	139003422	TCF12	77.82	2	0.71
chr7	146457734	146458835	TCF12	88.29	2	0.23
chr7	148770876	148771793	TCF12	99.64	2	0.07
chr7	148891765	148892968	TCF12	132.85	2	0.00
chr7	148944128	148945194	TCF12	78.45	2	0.72
chr7	150106973	150108387	TCF12	150.61	2	0.00
chr7	150778537	150780030	TCF12	158.43	2	0.00
chr7	150785679	150787187	TCF12	65.58	2	2.14
chr7	151393634	151394414	TCF12	110.93	2	0.00
chr7	151479563	151480649	TCF12	108.87	2	0.00
chr7	152060431	152061915	TCF12	95.87	2	0.20
chr7	152312239	152313469	TCF12	133.70	2	0.00
chr7	154019433	154020457	TCF12	95.20	2	0.20
chr7	154225360	154226966	TCF12	101.27	2	0.07
chr7	154764738	154766476	TCF12	210.46	2	0.00
chr7	154795112	154796526	TCF12	50.79	2	7.33
chr7	155044157	155045177	TCF12	79.91	2	0.73
chr7	155146127	155147285	TCF12	171.35	2	0.00
chr7	155207684	155209002	TCF12	63.15	2	2.45
chr7	156284395	156285419	TCF12	106.80	2	0.00
chr7	156803883	156805594	TCF12	211.49	2	0.00
chr7	157900196	157901151	TCF12	95.83	2	0.20
chr7	158176891	158177911	TCF12	112.73	2	0.00
chr7	158387009	158388720	TCF12	98.78	2	0.07
chr7	158495735	158497241	TCF12	72.60	2	1.12
chr8	1780512	1781529	TCF12	123.12	2	0.00
chr8	4246048	4247037	TCF12	117.28	2	0.00
chr8	6546756	6547787	TCF12	104.28	2	0.00
chr8	6778375	6779366	TCF12	119.47	2	0.00
chr8	8506367	8507979	TCF12	133.59	2	0.00
chr8	8838505	8839489	TCF12	106.39	3	0.00
chr8	10696049	10697235	TCF12	122.95	2	0.00
chr8	11440241	11441230	TCF12	126.69	2	0.00
chr8	11725843	11726948	TCF12	95.65	2	0.20
chr8	13562622	13563544	TCF12	112.04	3	0.00
chr8	17850325	17851340	TCF12	84.87	2	0.39
chr8	20089396	20090226	TCF12	120.56	2	0.00
chr8	21972110	21973111	TCF12	134.25	2	0.00
chr8	21986258	21987341	TCF12	180.63	3	0.00
chr8	22068050	22069065	TCF12	120.51	2	0.00
chr8	22432327	22433355	TCF12	107.07	2	0.00
chr8	22739315	22740679	TCF12	106.03	2	0.00
chr8	22845991	22846949	TCF12	91.52	2	0.18
chr8	24874812	24875650	TCF12	113.56	2	0.00
chr8	25349860	25350797	TCF12	95.08	2	0.20
chr8	26083912	26085578	TCF12	129.88	2	0.00
chr8	27137720	27139106	TCF12	160.58	3	0.00
chr8	27219296	27220670	TCF12	77.43	2	0.71
chr8	27744679	27745840	TCF12	110.73	2	0.00
chr8	28104314	28105270	TCF12	120.58	2	0.00
chr8	28931290	28932509	TCF12	115.11	2	0.00
chr8	29629609	29630418	TCF12	94.21	2	0.19
chr8	33329732	33330908	TCF12	115.50	2	0.00
chr8	37700230	37701359	TCF12	144.09	3	0.00
chr8	37923393	37924760	TCF12	137.13	2	0.00
chr8	38874446	38875657	TCF12	147.65	2	0.00
chr8	40019138	40020153	TCF12	107.99	2	0.00
chr8	41907249	41908556	TCF12	69.26	2	1.44
chr8	42010956	42011976	TCF12	76.32	2	0.81
chr8	42349384	42350471	TCF12	83.18	2	0.49
chr8	42397125	42398079	TCF12	85.52	2	0.34
chr8	49187389	49188214	TCF12	91.92	2	0.19
chr8	53625114	53626163	TCF12	87.44	2	0.23
chr8	53731698	53732692	TCF12	79.17	2	0.72
chr8	54917741	54918771	TCF12	95.47	2	0.20
chr8	56684940	56686279	TCF12	93.54	2	0.19
chr8	57517241	57518261	TCF12	117.28	2	0.00
chr8	61988438	61989435	TCF12	156.19	3	0.00
chr8	64080567	64081605	TCF12	109.20	2	0.00
chr8	67341178	67342177	TCF12	81.21	2	0.58
chr8	67693766	67694670	TCF12	99.33	2	0.07
chr8	71152772	71154002	TCF12	98.92	2	0.07
chr8	75200573	75201602	TCF12	94.31	2	0.19
chr8	82333179	82334338	TCF12	142.13	2	0.00
chr8	90769930	90771019	TCF12	140.55	2	0.00
chr8	90845642	90846666	TCF12	103.53	2	0.08
chr8	91297140	91297962	TCF12	121.78	2	0.00
chr8	94927739	94929033	TCF12	98.35	2	0.07
chr8	97274611	97275806	TCF12	55.12	2	4.80
chr8	105807594	105808657	TCF12	116.52	2	0.00
chr8	110349931	110350959	TCF12	115.94	2	0.00
chr8	114004675	114005693	TCF12	95.58	2	0.20
chr8	117884365	117885458	TCF12	123.69	2	0.00
chr8	119849356	119850685	TCF12	132.91	2	0.00
chr8	124053691	124054991	TCF12	113.39	2	0.00
chr8	124083851	124084889	TCF12	94.14	2	0.19
chr8	124172948	124173955	TCF12	83.91	2	0.49
chr8	124502347	124503383	TCF12	136.98	2	0.00
chr8	124608472	124609622	TCF12	90.49	2	0.18
chr8	124706772	124707593	TCF12	80.85	2	0.58
chr8	124780551	124782048	TCF12	87.98	2	0.23
chr8	125461471	125462495	TCF12	72.61	2	1.12
chr8	126010862	126011737	TCF12	93.71	2	0.19
chr8	127707467	127708290	TCF12	100.98	2	0.07
chr8	128342340	128343665	TCF12	126.04	2	0.00
chr8	131421831	131422847	TCF12	95.81	2	0.20
chr8	134308471	134309614	TCF12	140.37	2	0.00
chr8	135737537	135738754	TCF12	74.29	2	0.89
chr8	142216454	142217549	TCF12	119.53	2	0.00
chr8	142402386	142403388	TCF12	114.72	2	0.00
chr8	142526423	142527373	TCF12	115.58	2	0.00
chr8	143353178	143354292	TCF12	178.07	3	0.00
chr8	143806145	143807197	TCF12	115.33	2	0.00
chr8	143819376	143820637	TCF12	276.55	3	0.00
chr8	144388429	144389396	TCF12	135.63	3	0.00
chr8	144417306	144418749	TCF12	110.38	2	0.00
chr8	144467347	144468365	TCF12	167.43	4	0.00
chr8	144818908	144819841	TCF12	117.84	2	0.00
chr8	144820898	144822275	TCF12	213.03	2	0.00
chr8	145150305	145151524	TCF12	208.92	2	0.00
chr8	145181133	145182115	TCF12	106.72	2	0.00
chr8	145979247	145980467	TCF12	103.12	2	0.08
chr8	146011644	146012678	TCF12	82.88	2	0.49
chr8	146126871	146127970	TCF12	194.85	2	0.00
chr9	10000	10722	TCF12	271.51	3	0.00
chr9	892241	893351	TCF12	123.08	2	0.00
chr9	893425	894578	TCF12	147.96	2	0.00
chr9	3715348	3716312	TCF12	102.07	2	0.08
chr9	4296778	4297825	TCF12	90.51	2	0.18
chr9	4511753	4512710	TCF12	83.41	2	0.49
chr9	5833060	5834094	TCF12	93.01	2	0.19
chr9	5885893	5886985	TCF12	122.50	2	0.00
chr9	6075265	6076282	TCF12	72.54	2	1.12
chr9	6913025	6914056	TCF12	115.52	2	0.00
chr9	7133148	7134260	TCF12	168.74	2	0.00
chr9	15173262	15174200	TCF12	101.27	2	0.07
chr9	17134241	17135402	TCF12	79.99	2	0.73
chr9	17160346	17161147	TCF12	112.04	2	0.00
chr9	20972111	20973061	TCF12	113.11	2	0.00
chr9	26946076	26947035	TCF12	89.49	2	0.18
chr9	27715646	27716670	TCF12	81.47	2	0.58
chr9	32378517	32379555	TCF12	107.08	2	0.00
chr9	34373715	34374622	TCF12	89.53	2	0.18
chr9	35078779	35080363	TCF12	205.95	3	0.00
chr9	35161497	35162494	TCF12	109.38	2	0.00
chr9	35646446	35647558	TCF12	109.33	2	0.00
chr9	36861502	36862511	TCF12	103.34	2	0.08
chr9	37465064	37466557	TCF12	100.14	2	0.07
chr9	38026275	38027208	TCF12	92.68	2	0.19
chr9	71318731	71320075	TCF12	95.08	2	0.20
chr9	72899586	72900692	TCF12	102.45	2	0.08
chr9	78734981	78735986	TCF12	88.88	2	0.24
chr9	79074175	79075594	TCF12	175.61	2	0.00
chr9	79101265	79102155	TCF12	164.04	3	0.00
chr9	85818595	85819434	TCF12	82.04	2	0.53
chr9	86620575	86621866	TCF12	76.10	2	0.80
chr9	91362951	91363899	TCF12	105.20	3	0.00
chr9	93002535	93003414	TCF12	103.71	2	0.08
chr9	93411251	93412270	TCF12	87.29	2	0.23
chr9	93655839	93656952	TCF12	119.82	2	0.00
chr9	94560730	94561737	TCF12	86.72	2	0.23
chr9	94716192	94717574	TCF12	62.43	2	2.54
chr9	94862562	94863503	TCF12	116.77	2	0.00
chr9	95066245	95067470	TCF12	73.50	2	1.03
chr9	95323632	95324745	TCF12	122.45	2	0.00
chr9	95845009	95845973	TCF12	81.73	2	0.58
chr9	96488564	96489622	TCF12	95.18	2	0.20
chr9	96580692	96582155	TCF12	118.41	2	0.00
chr9	96592815	96593602	TCF12	134.03	3	0.00
chr9	96631996	96633013	TCF12	120.27	2	0.00
chr9	97316529	97317194	TCF12	110.93	2	0.00
chr9	97689081	97690425	TCF12	84.85	2	0.39
chr9	97951810	97952782	TCF12	81.66	2	0.58
chr9	98173778	98174793	TCF12	105.91	2	0.00
chr9	98508252	98509230	TCF12	111.96	2	0.00
chr9	98530899	98531923	TCF12	93.23	2	0.19
chr9	102087043	102088362	TCF12	171.09	2	0.00
chr9	103363930	103364833	TCF12	84.87	2	0.39
chr9	107831330	107832784	TCF12	70.96	2	1.40
chr9	110339236	110340227	TCF12	85.36	2	0.34
chr9	111620713	111622064	TCF12	175.69	4	0.00
chr9	111695770	111696727	TCF12	146.19	2	0.00
chr9	112042349	112043455	TCF12	94.92	2	0.20
chr9	113510040	113511072	TCF12	88.48	2	0.23
chr9	114447119	114448214	TCF12	138.11	2	0.00
chr9	116163162	116164229	TCF12	115.65	2	0.00
chr9	116171409	116173473	TCF12	184.74	2	0.00
chr9	116225926	116227205	TCF12	136.03	2	0.00
chr9	116882239	116883403	TCF12	64.57	2	2.32
chr9	117424387	117425444	TCF12	123.23	2	0.00
chr9	118706325	118707220	TCF12	155.75	3	0.00
chr9	123165162	123166343	TCF12	125.28	3	0.00
chr9	123172633	123173811	TCF12	131.94	2	0.00
chr9	124312705	124313674	TCF12	97.18	2	0.14
chr9	125261272	125262482	TCF12	107.03	2	0.00
chr9	125693105	125694358	TCF12	110.05	2	0.00
chr9	127278646	127279785	TCF12	97.88	2	0.07
chr9	128428324	128429321	TCF12	98.04	2	0.07
chr9	129904058	129905346	TCF12	123.92	2	0.00
chr9	129988142	129989181	TCF12	58.24	2	3.51
chr9	130640178	130641204	TCF12	119.15	2	0.00
chr9	130708073	130709035	TCF12	124.53	2	0.00
chr9	130741385	130742682	TCF12	98.02	2	0.07
chr9	130828615	130829773	TCF12	114.50	2	0.00
chr9	131397239	131398243	TCF12	167.14	2	0.00
chr9	131450274	131451211	TCF12	102.39	2	0.08
chr9	131459224	131460266	TCF12	88.66	2	0.23
chr9	132158302	132159522	TCF12	188.33	2	0.00
chr9	133294166	133295104	TCF12	93.02	2	0.19
chr9	134247762	134249355	TCF12	266.78	3	0.00
chr9	135905281	135906974	TCF12	162.86	2	0.00
chr9	136248661	136249847	TCF12	86.24	2	0.28
chr9	136292624	136293637	TCF12	130.59	2	0.00
chr9	136523440	136524353	TCF12	146.41	2	0.00
chr9	137100475	137101474	TCF12	99.15	2	0.07
chr9	137824695	137825711	TCF12	104.86	2	0.00
chr9	138801729	138802738	TCF12	117.13	2	0.00
chr9	139476561	139477539	TCF12	147.38	2	0.00
chr9	139613924	139614890	TCF12	149.03	3	0.00
chr9	139615298	139616413	TCF12	220.32	3	0.00
chr9	139619918	139621429	TCF12	131.75	2	0.00
chr9	139689840	139690812	TCF12	124.61	2	0.00
chr9	139779133	139780155	TCF12	61.03	2	2.82
chr9	139891132	139892158	TCF12	94.65	2	0.19
chr9	139940606	139941751	TCF12	128.38	2	0.00
chr9	140150120	140151108	TCF12	94.77	2	0.20
chr9	140171530	140172757	TCF12	207.69	2	0.00
chr9	140247180	140248343	TCF12	174.25	2	0.00
chr9	140249285	140250847	TCF12	156.21	2	0.00
chrX	1504412	1505572	TCF12	59.82	2	3.00
chrX	1610229	1611257	TCF12	95.40	2	0.20
chrX	2528045	2529418	TCF12	239.68	3	0.00
chrX	16803635	16804728	TCF12	145.98	3	0.00
chrX	47052741	47053882	TCF12	176.23	2	0.00
chrX	48858087	48858992	TCF12	150.89	2	0.00
chrX	52963483	52964479	TCF12	122.91	2	0.00
chrX	58560715	58562318	TCF12	90.21	2	0.18
chrX	61838446	61839649	TCF12	82.05	2	0.53
chrX	69653360	69654502	TCF12	112.37	2	0.00
chrX	70503240	70504098	TCF12	201.62	4	0.00
chrX	73461672	73462778	TCF12	147.14	2	0.00
chrX	119005203	119006401	TCF12	131.95	3	0.00
chrX	153640054	153641017	TCF12	242.05	6	0.00
chrY	9950344	9951608	TCF12	81.90	2	0.59
