chr1	3699084	3699728	ZNF236	736.89	3	0.42
chr1	6258995	6260528	ZNF236	1181.35	2	0.66
chr1	7151327	7152471	ZNF236	531.01	2	0.25
chr1	8817524	8818648	ZNF236	427.81	2	0.64
chr1	12178246	12179393	ZNF236	494.88	2	0.44
chr1	12290335	12291113	ZNF236	464.49	2	0.57
chr1	17514812	17515584	ZNF236	462.79	2	0.56
chr1	19577766	19578841	ZNF236	587.52	2	0.31
chr1	20247622	20249080	ZNF236	867.02	2	0.52
chr1	26323441	26325985	ZNF236	3100.00	2	0.00
chr1	26946253	26948368	ZNF236	3100.00	1	0.00
chr1	27709819	27710626	ZNF236	454.88	2	0.54
chr1	32930661	32931166	ZNF236	835.40	2	0.49
chr1	35733136	35734523	ZNF236	1155.17	2	0.65
chr1	36929019	36930702	ZNF236	794.49	3	0.47
chr1	38324530	38325989	ZNF236	705.92	2	0.40
chr1	40969222	40970189	ZNF236	373.74	2	0.56
chr1	42800880	42802193	ZNF236	3100.00	9	0.00
chr1	44362723	44364091	ZNF236	528.30	2	0.25
chr1	45241652	45242157	ZNF236	737.00	2	0.42
chr1	45352378	45353457	ZNF236	641.18	2	0.35
chr1	46955543	46956180	ZNF236	638.93	3	0.35
chr1	47426549	47427608	ZNF236	384.61	2	0.56
chr1	47480085	47481067	ZNF236	443.91	2	0.51
chr1	49563101	49563917	ZNF236	417.19	2	0.61
chr1	52034701	52036185	ZNF236	748.29	2	0.43
chr1	52343361	52345674	ZNF236	3064.83	3	0.00
chr1	55176170	55177126	ZNF236	478.80	2	0.61
chr1	56429554	56430647	ZNF236	435.89	2	0.50
chr1	64058752	64060010	ZNF236	411.18	2	0.60
chr1	69520642	69521608	ZNF236	543.85	2	0.26
chr1	71636732	71637786	ZNF236	417.00	2	0.61
chr1	73621412	73622488	ZNF236	391.73	2	0.57
chr1	75163455	75164124	ZNF236	597.20	3	0.31
chr1	80474098	80475154	ZNF236	519.44	2	0.24
chr1	82330652	82331587	ZNF236	443.96	2	0.52
chr1	84224628	84225527	ZNF236	496.95	2	0.45
chr1	84971643	84973079	ZNF236	1349.18	2	0.74
chr1	86967714	86968792	ZNF236	895.26	2	0.53
chr1	87642258	87643134	ZNF236	398.93	2	0.58
chr1	89989598	89990417	ZNF236	461.75	2	0.56
chr1	89990570	89991811	ZNF236	927.71	2	0.55
chr1	92950443	92951265	ZNF236	415.30	2	0.61
chr1	93543473	93546045	ZNF236	3100.00	1	0.00
chr1	96257280	96257790	ZNF236	761.27	2	0.44
chr1	97025276	97026046	ZNF236	492.69	2	0.43
chr1	97889464	97890165	ZNF236	441.89	2	0.51
chr1	98691108	98692195	ZNF236	347.48	2	0.82
chr1	100816269	100818127	ZNF236	1120.76	2	0.62
chr1	101687525	101688497	ZNF236	609.25	2	0.32
chr1	102753486	102754584	ZNF236	507.83	2	0.46
chr1	103347187	103348401	ZNF236	706.53	2	0.40
chr1	107511409	107512316	ZNF236	572.98	2	0.29
chr1	110198581	110199649	ZNF236	397.73	2	0.58
chr1	113392139	113392919	ZNF236	488.88	2	0.42
chr1	115746863	115747542	ZNF236	472.71	2	0.59
chr1	119427881	119428894	ZNF236	465.69	2	0.57
chr1	120611954	120612630	ZNF236	2678.88	1	0.00
chr1	145208149	145209484	ZNF236	3100.00	1	0.00
chr1	145542644	145544249	ZNF236	849.61	2	0.50
chr1	146667492	146668229	ZNF236	532.10	3	0.25
chr1	149980779	149983308	ZNF236	1027.31	2	0.58
chr1	151041940	151043992	ZNF236	3100.00	2	0.00
chr1	151429985	151431095	ZNF236	1731.42	5	0.83
chr1	151431862	151433198	ZNF236	1887.67	4	0.88
chr1	151444481	151446292	ZNF236	1677.81	4	0.83
chr1	153576658	153577403	ZNF236	454.25	2	0.54
chr1	154580550	154582011	ZNF236	2453.02	5	0.00
chr1	155714671	155715866	ZNF236	628.86	3	0.34
chr1	157410881	157411874	ZNF236	420.18	2	0.62
chr1	161993645	161994876	ZNF236	667.70	2	0.36
chr1	163101910	163102961	ZNF236	397.75	2	0.58
chr1	164552395	164553704	ZNF236	433.73	2	0.49
chr1	169455115	169456340	ZNF236	2803.11	4	0.00
chr1	170254807	170255462	ZNF236	567.97	2	0.28
chr1	185318250	185319581	ZNF236	711.31	2	0.40
chr1	195689401	195690146	ZNF236	697.97	2	0.39
chr1	201885863	201886920	ZNF236	434.51	2	0.49
chr1	202778999	202781782	ZNF236	3100.00	6	0.00
chr1	205179498	205181189	ZNF236	3100.00	9	0.00
chr1	205769994	205771176	ZNF236	680.41	2	0.38
chr1	206717913	206718762	ZNF236	463.96	2	0.56
chr1	210109980	210111110	ZNF236	391.34	2	0.57
chr1	211431163	211432708	ZNF236	1581.07	3	0.79
chr1	217068546	217069360	ZNF236	488.93	2	0.42
chr1	219451771	219452827	ZNF236	434.78	2	0.50
chr1	221529870	221530896	ZNF236	617.72	2	0.33
chr1	226000167	226001031	ZNF236	468.88	2	0.58
chr1	227933121	227933849	ZNF236	530.13	3	0.25
chr1	228415319	228415994	ZNF236	472.71	2	0.59
chr1	247095164	247095749	ZNF236	609.16	2	0.32
chr10	2024166	2024871	ZNF236	474.02	2	0.59
chr10	4981246	4982311	ZNF236	877.47	3	0.53
chr10	7366224	7367317	ZNF236	439.68	2	0.51
chr10	13121364	13122281	ZNF236	387.23	2	0.57
chr10	22717291	22718560	ZNF236	680.34	2	0.38
chr10	22724917	22727422	ZNF236	3100.00	9	0.00
chr10	29662780	29663381	ZNF236	659.91	2	0.36
chr10	32258642	32259350	ZNF236	692.89	3	0.39
chr10	32683553	32684495	ZNF236	433.86	2	0.49
chr10	33026756	33027802	ZNF236	423.18	2	0.63
chr10	36725098	36726087	ZNF236	417.27	2	0.62
chr10	43950295	43951579	ZNF236	527.02	2	0.24
chr10	53275541	53276446	ZNF236	390.60	2	0.57
chr10	54471050	54472143	ZNF236	424.84	2	0.63
chr10	74279234	74279815	ZNF236	720.14	2	0.41
chr10	89620932	89623542	ZNF236	3100.00	1	0.00
chr10	93649285	93649935	ZNF236	504.06	2	0.45
chr10	97848998	97851171	ZNF236	3100.00	6	0.00
chr10	97888911	97891492	ZNF236	3100.00	3	0.00
chr10	101268618	101269506	ZNF236	513.47	2	0.23
chr10	101285658	101286445	ZNF236	433.15	2	0.49
chr10	102972678	102975014	ZNF236	3100.00	6	0.00
chr10	103542066	103544204	ZNF236	1236.03	2	0.68
chr10	104220469	104221678	ZNF236	662.29	2	0.36
chr10	109836085	109836926	ZNF236	429.60	2	0.64
chr10	112237302	112238306	ZNF236	676.02	2	0.37
chr10	115806402	115807377	ZNF236	480.87	2	0.62
chr10	121356555	121358019	ZNF236	755.15	2	0.43
chr10	122898904	122899462	ZNF236	675.78	2	0.36
chr10	123251910	123252698	ZNF236	480.69	2	0.61
chr10	127210043	127211312	ZNF236	608.27	2	0.32
chr10	127407880	127409316	ZNF236	1141.52	3	0.63
chr10	134272679	134274018	ZNF236	624.94	2	0.34
chr11	2021868	2022712	ZNF236	408.49	2	0.60
chr11	8932540	8933397	ZNF236	457.99	2	0.55
chr11	27528090	27529159	ZNF236	1007.23	2	0.58
chr11	29885680	29886752	ZNF236	364.02	2	0.83
chr11	39155184	39156022	ZNF236	502.56	2	0.45
chr11	43954217	43955292	ZNF236	420.38	2	0.62
chr11	45901542	45902271	ZNF236	587.13	2	0.30
chr11	62494710	62496840	ZNF236	2939.56	2	0.00
chr11	65188865	65191352	ZNF236	3100.00	8	0.00
chr11	65263964	65268046	ZNF236	3100.00	6	0.00
chr11	65385341	65386064	ZNF236	421.66	2	0.63
chr11	66383408	66385176	ZNF236	670.93	2	0.36
chr11	73258280	73259019	ZNF236	442.23	2	0.51
chr11	75141589	75142620	ZNF236	1245.87	2	0.68
chr11	78704908	78705823	ZNF236	595.52	2	0.31
chr11	80283751	80285351	ZNF236	445.61	2	0.52
chr11	82744914	82745758	ZNF236	443.16	2	0.51
chr11	95522092	95524941	ZNF236	3100.00	3	0.00
chr11	101385061	101386098	ZNF236	356.12	2	0.82
chr11	102187522	102188947	ZNF236	598.99	2	0.31
chr11	117703972	117704642	ZNF236	560.67	2	0.28
chr11	120205645	120207094	ZNF236	3100.00	1	0.00
chr11	122932757	122934629	ZNF236	1659.08	2	0.81
chr11	124522840	124523673	ZNF236	486.37	2	0.42
chr11	131501153	131502318	ZNF236	421.26	2	0.62
chr11	134122648	134123796	ZNF236	785.83	2	0.46
chr12	231165	231963	ZNF236	457.83	2	0.55
chr12	497566	499401	ZNF236	3100.00	1	0.00
chr12	9436510	9437555	ZNF236	407.01	2	0.59
chr12	12419814	12420500	ZNF236	3100.00	2	0.00
chr12	12764287	12766050	ZNF236	1318.27	2	0.73
chr12	20977179	20978487	ZNF236	962.99	2	0.56
chr12	49454061	49455559	ZNF236	3100.00	3	0.00
chr12	49716177	49717935	ZNF236	1297.33	2	0.71
chr12	56319891	56322874	ZNF236	2554.11	3	0.00
chr12	56435492	56437294	ZNF236	3100.00	2	0.00
chr12	57081142	57083839	ZNF236	2082.65	2	0.91
chr12	58047525	58048398	ZNF236	806.07	2	0.48
chr12	69752324	69754599	ZNF236	1492.04	3	0.78
chr12	80338227	80339273	ZNF236	585.10	2	0.30
chr12	82680214	82681090	ZNF236	489.43	2	0.43
chr12	85390005	85391297	ZNF236	441.64	2	0.51
chr12	102513083	102515044	ZNF236	2043.90	2	0.89
chr12	108815253	108816137	ZNF236	448.95	2	0.53
chr12	109161403	109162771	ZNF236	679.30	2	0.37
chr12	111180817	111182169	ZNF236	2298.83	3	0.00
chr12	111356292	111356994	ZNF236	451.10	2	0.53
chr12	112037236	112038308	ZNF236	1018.51	2	0.58
chr12	120027255	120027962	ZNF236	441.89	2	0.51
chr12	121515551	121516550	ZNF236	450.89	2	0.53
chr12	122277242	122278373	ZNF236	453.67	2	0.54
chr12	122677990	122678581	ZNF236	740.14	2	0.42
chr12	123981106	123981651	ZNF236	699.25	2	0.40
chr12	125397832	125400181	ZNF236	3100.00	1	0.00
chr12	125534034	125535023	ZNF236	1602.67	6	0.80
chr12	125550229	125551144	ZNF236	570.05	2	0.28
chr13	19867412	19868505	ZNF236	455.42	2	0.55
chr13	21141334	21142463	ZNF236	579.08	2	0.29
chr13	23196593	23197836	ZNF236	534.56	2	0.25
chr13	24120979	24121922	ZNF236	396.60	2	0.58
chr13	26760060	26761269	ZNF236	528.33	2	0.25
chr13	27373513	27374755	ZNF236	469.90	2	0.58
chr13	30576132	30576906	ZNF236	430.89	2	0.65
chr13	30855748	30856650	ZNF236	411.48	2	0.60
chr13	31190338	31192734	ZNF236	3100.00	1	0.00
chr13	31264536	31265240	ZNF236	441.89	2	0.51
chr13	39080372	39081300	ZNF236	384.20	2	0.56
chr13	53424423	53426048	ZNF236	1374.60	4	0.76
chr13	55028583	55029402	ZNF236	416.25	2	0.61
chr13	55581505	55582521	ZNF236	395.19	2	0.58
chr13	56447896	56448797	ZNF236	547.63	2	0.26
chr13	57497524	57498524	ZNF236	395.62	2	0.58
chr13	69897307	69898405	ZNF236	390.41	2	0.57
chr13	73631939	73633417	ZNF236	620.17	2	0.33
chr13	74307816	74308957	ZNF236	401.98	2	0.59
chr13	77490320	77491384	ZNF236	402.38	2	0.59
chr13	85405537	85406634	ZNF236	605.71	2	0.32
chr13	93006111	93006965	ZNF236	496.95	2	0.45
chr13	93872013	93872874	ZNF236	449.41	2	0.53
chr13	100147369	100148668	ZNF236	1321.96	4	0.74
chr13	104928153	104928961	ZNF236	454.56	2	0.54
chr13	112257908	112258980	ZNF236	360.68	2	0.83
chr13	112591038	112592154	ZNF236	479.32	2	0.61
chr14	23449465	23453196	ZNF236	3100.00	3	0.00
chr14	24835888	24837010	ZNF236	523.96	2	0.24
chr14	43710088	43711210	ZNF236	491.69	2	0.43
chr14	49909876	49910408	ZNF236	679.56	2	0.37
chr14	54987661	54988382	ZNF236	511.61	2	0.23
chr14	55031420	55032429	ZNF236	430.41	2	0.65
chr14	67752349	67753362	ZNF236	362.00	2	0.83
chr14	69982567	69983674	ZNF236	417.15	2	0.61
chr14	75103770	75104828	ZNF236	351.10	2	0.82
chr14	77735798	77736501	ZNF236	513.70	2	0.23
chr14	78400383	78401320	ZNF236	523.20	2	0.24
chr14	82271526	82272573	ZNF236	574.49	2	0.29
chr14	83165116	83166047	ZNF236	445.08	2	0.52
chr14	90848446	90850895	ZNF236	3100.00	1	0.00
chr14	90863250	90863817	ZNF236	773.76	2	0.45
chr14	92041382	92042580	ZNF236	580.31	2	0.30
chr14	94345913	94347180	ZNF236	382.72	2	0.56
chr14	99984046	99984981	ZNF236	588.89	2	0.31
chr14	100466241	100466856	ZNF236	600.23	2	0.31
chr14	101342069	101343170	ZNF236	492.54	2	0.43
chr14	103057725	103058880	ZNF236	2454.76	7	0.00
chr14	105487712	105489050	ZNF236	2444.73	4	0.00
chr15	21038604	21039300	ZNF236	518.17	2	0.24
chr15	26555514	26556382	ZNF236	460.76	2	0.55
chr15	31457374	31458320	ZNF236	474.25	2	0.60
chr15	38543095	38544909	ZNF236	3100.00	2	0.00
chr15	42840170	42841541	ZNF236	920.74	2	0.55
chr15	45813564	45814682	ZNF236	758.72	2	0.44
chr15	50646988	50648756	ZNF236	3100.00	1	0.00
chr15	53527631	53529101	ZNF236	509.38	2	0.23
chr15	57209737	57211162	ZNF236	3100.00	9	0.00
chr15	65475589	65478295	ZNF236	2539.63	2	0.00
chr15	66795519	66798620	ZNF236	3100.00	2	0.00
chr15	72522614	72525034	ZNF236	3100.00	7	0.00
chr15	74752486	74754300	ZNF236	3100.00	3	0.00
chr15	74833624	74834791	ZNF236	665.72	2	0.36
chr15	75161728	75163279	ZNF236	740.63	2	0.43
chr15	75742316	75743408	ZNF236	1754.12	2	0.85
chr15	77712557	77714564	ZNF236	3100.00	2	0.00
chr15	82208332	82209117	ZNF236	430.49	2	0.65
chr15	90684506	90686900	ZNF236	1115.74	2	0.62
chr15	100105031	100106321	ZNF236	3100.00	8	0.00
chr16	1436543	1437653	ZNF236	420.40	2	0.62
chr16	3036820	3037825	ZNF236	417.07	2	0.61
chr16	3155977	3157099	ZNF236	464.67	2	0.57
chr16	3563950	3564790	ZNF236	517.12	2	0.23
chr16	19532361	19533730	ZNF236	789.20	2	0.46
chr16	22216109	22216988	ZNF236	401.28	2	0.59
chr16	24263826	24264555	ZNF236	488.45	2	0.42
chr16	25269213	25270597	ZNF236	3100.00	1	0.00
chr16	28833010	28834325	ZNF236	3100.00	1	0.00
chr16	30365636	30367827	ZNF236	2323.59	3	0.00
chr16	48642522	48643559	ZNF236	541.23	2	0.26
chr16	54350784	54351994	ZNF236	526.57	2	0.24
chr16	57513331	57514246	ZNF236	570.05	2	0.28
chr16	58162147	58164711	ZNF236	3100.00	2	0.00
chr16	63373930	63374806	ZNF236	545.38	2	0.26
chr16	67061795	67062905	ZNF236	652.99	2	0.35
chr16	71841684	71843759	ZNF236	3100.00	2	0.00
chr16	71928016	71930506	ZNF236	3100.00	1	0.00
chr16	74329226	74331028	ZNF236	2264.80	3	0.00
chr16	84003862	84004815	ZNF236	451.75	2	0.53
chr16	85286900	85287666	ZNF236	492.30	2	0.43
chr16	85362641	85363373	ZNF236	633.79	3	0.34
chr16	86587748	86588533	ZNF236	507.45	2	0.45
chr17	616910	618049	ZNF236	379.52	2	0.56
chr17	1162597	1163367	ZNF236	581.23	2	0.30
chr17	2796309	2797315	ZNF236	494.98	2	0.44
chr17	2842464	2843440	ZNF236	454.05	2	0.54
chr17	2951500	2952621	ZNF236	464.95	2	0.57
chr17	4852285	4852912	ZNF236	863.76	2	0.51
chr17	4934212	4934957	ZNF236	475.91	2	0.60
chr17	5371349	5372713	ZNF236	473.69	2	0.59
chr17	7144828	7146943	ZNF236	3100.00	1	0.00
chr17	15165038	15166692	ZNF236	496.61	2	0.44
chr17	15328162	15328918	ZNF236	546.29	3	0.26
chr17	16118911	16119716	ZNF236	1083.00	3	0.60
chr17	16283638	16285224	ZNF236	3100.00	2	0.00
chr17	34003082	34004096	ZNF236	446.55	2	0.52
chr17	40127050	40127837	ZNF236	557.07	2	0.27
chr17	40306518	40307754	ZNF236	896.19	2	0.54
chr17	40827990	40828694	ZNF236	555.26	2	0.27
chr17	41456915	41457923	ZNF236	424.40	2	0.63
chr17	42218830	42220206	ZNF236	437.14	2	0.50
chr17	42318290	42318885	ZNF236	951.35	6	0.56
chr17	43223795	43227032	ZNF236	3100.00	1	0.00
chr17	43237335	43240335	ZNF236	3100.00	1	0.00
chr17	44970831	44971473	ZNF236	618.90	2	0.33
chr17	45726249	45729062	ZNF236	3100.00	8	0.00
chr17	46796257	46797887	ZNF236	827.13	2	0.49
chr17	49920959	49921651	ZNF236	452.11	2	0.53
chr17	53828407	53829242	ZNF236	821.58	2	0.48
chr17	55700810	55701679	ZNF236	649.72	2	0.35
chr17	56083497	56085629	ZNF236	2454.59	2	0.00
chr17	57695806	57698379	ZNF236	3100.00	3	0.00
chr17	58041412	58042747	ZNF236	409.52	2	0.60
chr17	61036045	61036732	ZNF236	579.27	2	0.29
chr17	62502093	62503987	ZNF236	3100.00	6	0.00
chr17	73257071	73258758	ZNF236	1229.28	2	0.67
chr17	73520673	73521602	ZNF236	973.81	4	0.56
chr17	73770230	73771252	ZNF236	397.87	2	0.58
chr17	74397971	74398696	ZNF236	452.76	2	0.54
chr17	78388078	78390273	ZNF236	3100.00	1	0.00
chr17	79649693	79651209	ZNF236	2063.95	4	0.90
chr18	2765447	2766645	ZNF236	481.54	2	0.62
chr18	3068483	3069449	ZNF236	448.20	2	0.52
chr18	5236932	5238618	ZNF236	921.01	2	0.55
chr18	7076342	7077387	ZNF236	399.22	2	0.58
chr18	10109359	10110395	ZNF236	471.09	2	0.58
chr18	13361322	13362422	ZNF236	777.78	3	0.45
chr18	19477505	19478368	ZNF236	409.29	2	0.60
chr18	23411168	23412509	ZNF236	445.34	2	0.52
chr18	29598105	29599161	ZNF236	807.40	3	0.48
chr18	29671481	29672377	ZNF236	1243.99	3	0.68
chr18	34670370	34671388	ZNF236	445.41	2	0.52
chr18	45282897	45283826	ZNF236	393.69	2	0.57
chr18	48345249	48346634	ZNF236	1060.55	2	0.59
chr18	48415503	48416561	ZNF236	477.43	2	0.60
chr18	48897747	48898553	ZNF236	479.22	2	0.61
chr18	50633104	50634560	ZNF236	466.38	2	0.57
chr18	56698836	56700376	ZNF236	705.73	2	0.40
chr18	65125641	65126609	ZNF236	386.53	2	0.57
chr18	69688190	69689248	ZNF236	351.10	2	0.82
chr19	1490270	1491150	ZNF236	574.24	2	0.29
chr19	1652619	1653557	ZNF236	3100.00	2	0.00
chr19	3035207	3036057	ZNF236	406.67	2	0.59
chr19	4486781	4487813	ZNF236	607.45	3	0.32
chr19	7501583	7502493	ZNF236	463.87	2	0.56
chr19	8225848	8226447	ZNF236	762.35	3	0.44
chr19	10490326	10492016	ZNF236	857.91	2	0.51
chr19	13123828	13125161	ZNF236	579.79	2	0.30
chr19	13859756	13860464	ZNF236	513.70	2	0.23
chr19	16152101	16153611	ZNF236	837.01	3	0.50
chr19	16397682	16398671	ZNF236	479.69	3	0.61
chr19	17336877	17337888	ZNF236	473.88	2	0.59
chr19	17952525	17953718	ZNF236	750.40	2	0.43
chr19	21627323	21628218	ZNF236	522.08	3	0.24
chr19	35417166	35418565	ZNF236	1181.15	2	0.65
chr19	36231369	36232047	ZNF236	571.06	2	0.29
chr19	36605065	36606751	ZNF236	1112.93	3	0.61
chr19	36618443	36619561	ZNF236	1144.35	2	0.64
chr19	37750347	37751112	ZNF236	587.39	3	0.30
chr19	40653391	40654436	ZNF236	476.83	2	0.60
chr19	42806135	42806966	ZNF236	562.86	2	0.28
chr19	42830813	42831653	ZNF236	467.93	2	0.58
chr19	44302431	44303116	ZNF236	824.03	3	0.49
chr19	46272769	46273989	ZNF236	773.42	2	0.45
chr19	47103279	47105161	ZNF236	3100.00	1	0.00
chr19	49140246	49141947	ZNF236	1540.36	3	0.79
chr19	49587237	49589991	ZNF236	3100.00	2	0.00
chr19	50431684	50433882	ZNF236	3100.00	9	0.00
chr19	51307452	51308580	ZNF236	3100.00	4	0.00
chr19	52641845	52643104	ZNF236	465.53	2	0.57
chr19	56142755	56143964	ZNF236	576.70	2	0.29
chr19	58356187	58357308	ZNF236	622.03	3	0.34
chr19	58872719	58874037	ZNF236	717.96	2	0.41
chr19	58890957	58891989	ZNF236	407.50	2	0.60
chr2	7099650	7101167	ZNF236	611.66	2	0.33
chr2	7819134	7820180	ZNF236	384.14	2	0.56
chr2	23701264	23702285	ZNF236	451.93	2	0.53
chr2	28862548	28863402	ZNF236	440.08	2	0.51
chr2	30669663	30671091	ZNF236	869.82	2	0.52
chr2	30726180	30727266	ZNF236	386.75	2	0.57
chr2	34108526	34109511	ZNF236	487.42	2	0.42
chr2	34952840	34953684	ZNF236	428.67	2	0.64
chr2	38977817	38979938	ZNF236	3100.00	8	0.00
chr2	39727384	39728039	ZNF236	480.85	2	0.62
chr2	44104990	44105739	ZNF236	731.48	2	0.42
chr2	46053680	46054602	ZNF236	559.30	2	0.28
chr2	47168551	47169880	ZNF236	1125.53	3	0.62
chr2	47403055	47405453	ZNF236	3100.00	3	0.00
chr2	51805546	51806244	ZNF236	522.16	2	0.24
chr2	55645625	55647866	ZNF236	3100.00	8	0.00
chr2	57022061	57023015	ZNF236	460.38	2	0.55
chr2	60781185	60782534	ZNF236	680.29	2	0.38
chr2	63127843	63129182	ZNF236	619.96	2	0.33
chr2	63814789	63817364	ZNF236	3100.00	1	0.00
chr2	67624256	67625167	ZNF236	532.45	2	0.25
chr2	69435144	69435773	ZNF236	525.26	2	0.24
chr2	73461150	73462421	ZNF236	797.34	2	0.47
chr2	74684769	74685984	ZNF236	1309.82	2	0.71
chr2	75829770	75830745	ZNF236	473.02	2	0.59
chr2	77245140	77246055	ZNF236	788.33	2	0.46
chr2	82899764	82900751	ZNF236	368.56	2	0.83
chr2	85945973	85946841	ZNF236	531.91	2	0.25
chr2	86666959	86668619	ZNF236	3100.00	2	0.00
chr2	87034090	87036397	ZNF236	3100.00	7	0.00
chr2	89275822	89276720	ZNF236	562.68	3	0.28
chr2	95579534	95580479	ZNF236	421.31	2	0.63
chr2	102767607	102768883	ZNF236	461.22	2	0.56
chr2	105996455	105997216	ZNF236	689.30	2	0.38
chr2	107501456	107502678	ZNF236	389.03	2	0.57
chr2	113031874	113033519	ZNF236	3100.00	3	0.00
chr2	130505232	130505895	ZNF236	510.08	2	0.23
chr2	130938473	130939299	ZNF236	506.84	2	0.45
chr2	136044606	136045576	ZNF236	555.04	3	0.27
chr2	153262222	153263253	ZNF236	481.35	2	0.62
chr2	155374279	155375361	ZNF236	423.06	2	0.63
chr2	161252901	161254182	ZNF236	1184.07	2	0.66
chr2	176993267	176994709	ZNF236	1932.25	5	0.88
chr2	193973842	193974517	ZNF236	579.20	2	0.29
chr2	195165851	195166855	ZNF236	417.33	2	0.62
chr2	200775636	200776719	ZNF236	476.06	2	0.60
chr2	201752599	201754638	ZNF236	1069.50	2	0.60
chr2	201795886	201796745	ZNF236	453.96	2	0.54
chr2	202207751	202208360	ZNF236	595.20	2	0.31
chr2	207832805	207833583	ZNF236	524.67	2	0.24
chr2	219922320	219923253	ZNF236	395.94	2	0.58
chr2	230786548	230788323	ZNF236	3100.00	1	0.00
chr2	232377869	232378993	ZNF236	558.78	2	0.27
chr2	233249973	233251022	ZNF236	877.06	2	0.52
chr2	235775996	235777084	ZNF236	381.40	2	0.56
chr2	235908952	235909907	ZNF236	579.79	2	0.30
chr2	240888244	240889318	ZNF236	408.01	2	0.60
chr2	242088695	242089794	ZNF236	695.24	2	0.39
chr20	163246	164286	ZNF236	412.24	2	0.60
chr20	3378531	3379201	ZNF236	483.10	2	0.62
chr20	11776481	11777013	ZNF236	984.61	2	0.57
chr20	12268360	12269197	ZNF236	468.13	2	0.58
chr20	24270677	24271773	ZNF236	458.70	2	0.55
chr20	32910033	32910918	ZNF236	434.55	2	0.50
chr20	33103371	33104981	ZNF236	1489.00	3	0.77
chr20	33542709	33543950	ZNF236	3100.00	4	0.00
chr20	35723456	35725386	ZNF236	3100.00	4	0.00
chr20	35806401	35808734	ZNF236	1041.39	2	0.59
chr20	36141396	36142436	ZNF236	355.39	2	0.82
chr20	38260489	38261543	ZNF236	375.14	2	0.56
chr20	42100696	42101320	ZNF236	623.89	2	0.34
chr20	42218473	42220584	ZNF236	1368.06	3	0.75
chr20	44599603	44602035	ZNF236	3100.00	4	0.00
chr20	44760954	44762038	ZNF236	720.99	2	0.41
chr20	55926237	55927057	ZNF236	458.30	2	0.55
chr20	56384158	56385003	ZNF236	483.42	2	0.62
chr20	62495192	62497186	ZNF236	1522.28	3	0.78
chr21	26979053	26980691	ZNF236	771.74	2	0.44
chr21	35340458	35341616	ZNF236	365.67	2	0.83
chr21	40685450	40686594	ZNF236	790.67	3	0.47
chr21	43763257	43763915	ZNF236	528.23	2	0.24
chr21	45664900	45665846	ZNF236	428.79	2	0.64
chr22	18120916	18122393	ZNF236	881.08	2	0.53
chr22	19279303	19280618	ZNF236	3100.00	1	0.00
chr22	24058508	24059808	ZNF236	609.98	2	0.32
chr22	26878758	26879790	ZNF236	491.67	2	0.43
chr22	32723452	32724826	ZNF236	567.83	2	0.28
chr22	35246059	35247435	ZNF236	519.51	2	0.24
chr22	39915489	39917626	ZNF236	3100.00	2	0.00
chr22	41841873	41845100	ZNF236	3100.00	6	0.00
chr22	41985564	41986679	ZNF236	548.79	2	0.27
chr22	46409057	46410156	ZNF236	378.84	2	0.56
chr22	47321590	47323084	ZNF236	571.67	2	0.29
chr22	50356134	50356989	ZNF236	447.36	2	0.52
chr3	582901	584080	ZNF236	425.50	2	0.63
chr3	9833736	9834492	ZNF236	511.64	2	0.23
chr3	14200862	14201565	ZNF236	438.90	2	0.50
chr3	14355486	14356227	ZNF236	539.25	2	0.25
chr3	20529665	20530705	ZNF236	439.21	2	0.50
chr3	21832127	21832916	ZNF236	432.49	2	0.49
chr3	24256881	24257850	ZNF236	494.92	2	0.44
chr3	27847229	27847949	ZNF236	463.36	2	0.56
chr3	29079509	29080836	ZNF236	411.40	2	0.60
chr3	32022758	32024003	ZNF236	981.31	2	0.57
chr3	35024101	35025142	ZNF236	405.02	2	0.59
chr3	41240717	41241331	ZNF236	2349.66	5	0.00
chr3	41509135	41510411	ZNF236	783.37	2	0.45
chr3	47823461	47824310	ZNF236	582.73	2	0.30
chr3	48700763	48702089	ZNF236	540.44	2	0.26
chr3	49209870	49210646	ZNF236	436.81	2	0.50
chr3	50358841	50359822	ZNF236	493.99	2	0.44
chr3	56501585	56502155	ZNF236	679.37	2	0.37
chr3	58223748	58224719	ZNF236	375.89	2	0.56
chr3	63850524	63851211	ZNF236	462.38	2	0.56
chr3	66025136	66025862	ZNF236	418.76	2	0.62
chr3	73188435	73189273	ZNF236	413.58	2	0.61
chr3	98588688	98589804	ZNF236	738.77	2	0.42
chr3	98924136	98924967	ZNF236	412.49	2	0.61
chr3	112227788	112229246	ZNF236	617.52	2	0.33
chr3	114408565	114409199	ZNF236	577.35	2	0.29
chr3	117555310	117556192	ZNF236	459.24	2	0.55
chr3	117960618	117961785	ZNF236	470.74	2	0.58
chr3	119811665	119813724	ZNF236	3100.00	8	0.00
chr3	123967740	123968443	ZNF236	430.13	2	0.65
chr3	128994950	128995927	ZNF236	440.92	2	0.51
chr3	134093584	134094325	ZNF236	565.89	2	0.28
chr3	137481756	137483137	ZNF236	701.69	2	0.40
chr3	140027109	140028142	ZNF236	441.16	2	0.51
chr3	142165674	142167022	ZNF236	1824.37	3	0.86
chr3	146700441	146701502	ZNF236	399.60	2	0.59
chr3	148846635	148848393	ZNF236	547.59	2	0.26
chr3	149996442	149997403	ZNF236	682.78	2	0.38
chr3	150076883	150077736	ZNF236	419.01	2	0.62
chr3	152464896	152465599	ZNF236	677.41	2	0.37
chr3	155522123	155523119	ZNF236	503.98	2	0.45
chr3	156877508	156879167	ZNF236	3100.00	7	0.00
chr3	156891709	156893707	ZNF236	3100.00	7	0.00
chr3	157147429	157148661	ZNF236	568.32	2	0.28
chr3	158899215	158900386	ZNF236	461.84	2	0.56
chr3	161019573	161020187	ZNF236	546.67	2	0.26
chr3	161302047	161303166	ZNF236	460.99	2	0.56
chr3	164984012	164984742	ZNF236	452.76	2	0.54
chr3	169898272	169900274	ZNF236	1290.72	2	0.70
chr3	171661572	171662516	ZNF236	653.21	2	0.35
chr3	173112798	173114666	ZNF236	948.16	2	0.56
chr3	176488286	176489191	ZNF236	425.00	2	0.63
chr3	176892552	176893513	ZNF236	415.44	2	0.61
chr3	179437620	179438341	ZNF236	491.94	2	0.43
chr3	183873914	183874667	ZNF236	534.44	2	0.25
chr3	185220558	185221459	ZNF236	675.96	2	0.37
chr3	186500060	186502834	ZNF236	3100.00	2	0.00
chr3	190062103	190063387	ZNF236	510.67	2	0.23
chr3	192703711	192704594	ZNF236	396.89	2	0.58
chr3	193099471	193100538	ZNF236	348.98	2	0.82
chr3	197782199	197783404	ZNF236	439.44	2	0.50
chr4	2370876	2371751	ZNF236	522.71	3	0.24
chr4	14574065	14575159	ZNF236	429.15	2	0.64
chr4	15682530	15683969	ZNF236	439.55	2	0.50
chr4	16085064	16086055	ZNF236	492.48	2	0.43
chr4	16609339	16610302	ZNF236	453.42	2	0.54
chr4	21602980	21603946	ZNF236	443.01	2	0.51
chr4	25988967	25990328	ZNF236	611.27	2	0.33
chr4	33823244	33824342	ZNF236	475.18	2	0.60
chr4	55099702	55100688	ZNF236	368.82	2	0.83
chr4	58574582	58575287	ZNF236	457.44	2	0.55
chr4	72959502	72960430	ZNF236	450.11	2	0.53
chr4	76283523	76284463	ZNF236	522.15	2	0.24
chr4	76648964	76650495	ZNF236	1248.87	2	0.69
chr4	77996781	77998183	ZNF236	3100.00	3	0.00
chr4	78077139	78079222	ZNF236	3100.00	2	0.00
chr4	83205111	83206163	ZNF236	661.42	2	0.36
chr4	90002056	90003065	ZNF236	396.96	2	0.58
chr4	99063817	99065290	ZNF236	523.64	2	0.24
chr4	103747581	103749741	ZNF236	3100.00	1	0.00
chr4	110479990	110481251	ZNF236	698.30	2	0.39
chr4	114694746	114695778	ZNF236	585.98	2	0.30
chr4	123843201	123844894	ZNF236	784.55	2	0.46
chr4	127379212	127380305	ZNF236	399.46	2	0.59
chr4	129105728	129106761	ZNF236	402.18	2	0.59
chr4	130167691	130169294	ZNF236	467.53	2	0.57
chr4	133839927	133840607	ZNF236	540.83	2	0.26
chr4	134911852	134912829	ZNF236	493.32	2	0.43
chr4	136288441	136289797	ZNF236	540.66	2	0.26
chr4	140003718	140006107	ZNF236	2186.95	2	0.00
chr4	140709473	140710168	ZNF236	458.30	2	0.55
chr4	140880013	140881138	ZNF236	554.42	2	0.27
chr4	141074661	141076158	ZNF236	2909.54	6	0.00
chr4	146111334	146112272	ZNF236	597.01	2	0.31
chr4	147170737	147171364	ZNF236	546.47	2	0.26
chr4	149013635	149014724	ZNF236	625.48	3	0.34
chr4	152178819	152179908	ZNF236	551.90	2	0.27
chr4	165743026	165743730	ZNF236	510.86	2	0.23
chr4	168622838	168623536	ZNF236	455.18	2	0.54
chr4	172549867	172550479	ZNF236	583.90	2	0.30
chr4	174291624	174292279	ZNF236	566.53	2	0.28
chr4	174962329	174963049	ZNF236	480.83	2	0.61
chr4	177676496	177677493	ZNF236	433.86	2	0.49
chr4	181031220	181032041	ZNF236	415.62	2	0.61
chr4	182034777	182035616	ZNF236	448.47	2	0.52
chr4	182171707	182172482	ZNF236	553.32	2	0.27
chr4	185449281	185449935	ZNF236	493.55	2	0.44
chr4	187896582	187897597	ZNF236	388.24	2	0.57
chr5	86300230	86301653	ZNF236	823.34	2	0.48
chr5	91576553	91577066	ZNF236	725.42	2	0.41
chr5	97198404	97199140	ZNF236	429.51	2	0.64
chr5	118460030	118461084	ZNF236	400.88	2	0.59
chr5	120608850	120609703	ZNF236	486.40	2	0.42
chr5	133706207	133707949	ZNF236	3100.00	6	0.00
chr5	137799592	137800970	ZNF236	565.54	2	0.28
chr5	138939747	138940891	ZNF236	1083.24	2	0.61
chr5	141030384	141031190	ZNF236	902.44	2	0.54
chr5	149339514	149341194	ZNF236	2483.19	3	0.00
chr5	159583964	159584921	ZNF236	756.78	2	0.44
chr5	177030613	177032260	ZNF236	1742.70	3	0.84
chr6	884791	886069	ZNF236	557.11	2	0.27
chr6	3390926	3392088	ZNF236	600.86	2	0.32
chr6	4017954	4019001	ZNF236	742.65	2	0.43
chr6	4561876	4562829	ZNF236	677.84	2	0.37
chr6	4727881	4728998	ZNF236	1310.90	3	0.72
chr6	11093446	11094388	ZNF236	2597.39	5	0.00
chr6	12071088	12072162	ZNF236	521.24	2	0.24
chr6	17151729	17152602	ZNF236	469.13	2	0.58
chr6	22724311	22725267	ZNF236	432.69	2	0.49
chr6	25039195	25039865	ZNF236	483.10	2	0.62
chr6	26415242	26416352	ZNF236	383.80	2	0.56
chr6	27661302	27662321	ZNF236	495.79	2	0.44
chr6	36163224	36164200	ZNF236	803.36	2	0.47
chr6	42671655	42672746	ZNF236	464.16	3	0.57
chr6	42896908	42898297	ZNF236	699.16	2	0.39
chr6	44213769	44215826	ZNF236	3100.00	2	0.00
chr6	45664542	45665454	ZNF236	388.63	2	0.57
chr6	48115659	48116248	ZNF236	756.53	3	0.43
chr6	48891876	48892657	ZNF236	508.97	2	0.46
chr6	52528528	52530022	ZNF236	1666.25	3	0.82
chr6	56954080	56955234	ZNF236	549.19	2	0.27
chr6	64730223	64731062	ZNF236	410.02	2	0.60
chr6	66343715	66344388	ZNF236	528.84	2	0.25
chr6	79577172	79577691	ZNF236	867.24	2	0.52
chr6	79787979	79789221	ZNF236	3100.00	5	0.00
chr6	81417328	81418294	ZNF236	393.87	2	0.58
chr6	97284604	97285682	ZNF236	1422.80	4	0.76
chr6	98120224	98121029	ZNF236	420.70	2	0.62
chr6	99069050	99069883	ZNF236	446.58	2	0.52
chr6	131403682	131405568	ZNF236	993.01	2	0.57
chr6	136903581	136905065	ZNF236	537.66	2	0.25
chr6	150284309	150285546	ZNF236	1154.56	2	0.64
chr6	150325587	150326520	ZNF236	493.87	2	0.44
chr6	150388972	150390522	ZNF236	2513.14	4	0.00
chr6	153253087	153254167	ZNF236	467.16	2	0.57
chr6	160146789	160148437	ZNF236	3100.00	1	0.00
chr6	166676689	166677414	ZNF236	462.93	2	0.56
chr6	166755115	166756177	ZNF236	537.69	2	0.25
chr7	5085019	5085594	ZNF236	1169.70	3	0.65
chr7	5467650	5469962	ZNF236	1850.87	2	0.87
chr7	6097702	6098323	ZNF236	797.73	2	0.47
chr7	27204226	27206979	ZNF236	3100.00	8	0.00
chr7	32835789	32836483	ZNF236	484.74	2	0.42
chr7	33012174	33013167	ZNF236	592.97	2	0.31
chr7	36777954	36779406	ZNF236	684.88	2	0.38
chr7	45703555	45704156	ZNF236	690.95	2	0.39
chr7	49641769	49642883	ZNF236	385.78	2	0.56
chr7	57421935	57422760	ZNF236	496.27	2	0.44
chr7	65957707	65959174	ZNF236	2371.91	3	0.00
chr7	66145959	66147595	ZNF236	877.09	2	0.53
chr7	70796119	70796864	ZNF236	557.52	2	0.27
chr7	91763340	91765523	ZNF236	3100.00	1	0.00
chr7	92218452	92220466	ZNF236	1207.80	2	0.67
chr7	99697256	99699973	ZNF236	3100.00	1	0.00
chr7	99723354	99724908	ZNF236	2483.80	4	0.00
chr7	100270748	100271836	ZNF236	3100.00	6	0.00
chr7	101534152	101535528	ZNF236	610.88	2	0.32
chr7	129073123	129074335	ZNF236	1316.57	2	0.72
chr8	6470087	6470846	ZNF236	507.53	2	0.45
chr8	10827692	10828563	ZNF236	450.32	2	0.53
chr8	13965109	13966112	ZNF236	449.73	2	0.53
chr8	22275632	22276709	ZNF236	373.17	2	0.55
chr8	23020975	23022168	ZNF236	1063.56	3	0.60
chr8	25315661	25318313	ZNF236	3100.00	3	0.00
chr8	25663218	25664017	ZNF236	655.92	2	0.35
chr8	34377540	34378442	ZNF236	475.14	2	0.60
chr8	36686032	36686734	ZNF236	510.86	2	0.23
chr8	37329843	37331405	ZNF236	539.98	2	0.26
chr8	38853501	38854315	ZNF236	847.65	2	0.50
chr8	42569524	42571059	ZNF236	853.79	3	0.51
chr8	54536961	54538087	ZNF236	632.48	2	0.34
chr8	57304866	57305645	ZNF236	429.21	2	0.64
chr8	58222641	58223782	ZNF236	533.42	2	0.25
chr8	63225813	63226811	ZNF236	490.40	2	0.43
chr8	64175413	64176470	ZNF236	416.26	2	0.61
chr8	74183253	74183932	ZNF236	472.71	2	0.59
chr8	86391282	86391991	ZNF236	653.28	3	0.35
chr8	88330826	88331686	ZNF236	470.10	2	0.58
chr8	89977280	89978128	ZNF236	427.44	2	0.64
chr8	90770050	90771168	ZNF236	607.77	2	0.32
chr8	92442487	92443106	ZNF236	583.90	2	0.30
chr8	98775438	98776456	ZNF236	556.44	2	0.27
chr8	99485115	99485849	ZNF236	544.49	2	0.26
chr8	101858926	101860196	ZNF236	827.61	2	0.49
chr8	106564398	106565309	ZNF236	446.64	2	0.52
chr8	107247683	107248471	ZNF236	472.68	2	0.59
chr8	107591102	107592358	ZNF236	621.58	2	0.33
chr8	110076733	110077996	ZNF236	430.06	2	0.65
chr8	114244419	114245411	ZNF236	409.42	2	0.60
chr8	114338841	114339765	ZNF236	614.93	2	0.33
chr8	124407624	124410038	ZNF236	3100.00	3	0.00
chr8	127569666	127571127	ZNF236	1294.35	3	0.70
chr8	132620749	132621657	ZNF236	431.68	2	0.49
chr8	135723737	135725754	ZNF236	3009.16	6	0.00
chr8	146023414	146024008	ZNF236	731.36	3	0.41
chr9	2452904	2453660	ZNF236	437.01	2	0.50
chr9	4773423	4774456	ZNF236	574.17	2	0.29
chr9	9666518	9667485	ZNF236	439.36	2	0.50
chr9	12996393	12997045	ZNF236	782.92	3	0.45
chr9	13137701	13138508	ZNF236	558.13	2	0.27
chr9	16957492	16958265	ZNF236	525.52	2	0.24
chr9	18845395	18846932	ZNF236	713.79	3	0.40
chr9	20592363	20593232	ZNF236	491.80	2	0.43
chr9	22008770	22009588	ZNF236	533.17	2	0.25
chr9	22963256	22964124	ZNF236	439.60	2	0.50
chr9	37414659	37415840	ZNF236	417.34	2	0.62
chr9	74775929	74777492	ZNF236	716.32	2	0.41
chr9	74980311	74980924	ZNF236	1112.87	2	0.61
chr9	79706302	79707386	ZNF236	389.84	2	0.57
chr9	81585616	81586725	ZNF236	472.01	2	0.58
chr9	102768771	102769890	ZNF236	425.37	2	0.63
chr9	103980569	103981651	ZNF236	427.76	2	0.64
chr9	110445595	110446345	ZNF236	597.10	2	0.31
chr9	115983566	115985486	ZNF236	1789.60	2	0.85
chr9	126084614	126085362	ZNF236	536.43	2	0.25
chr9	129429096	129430167	ZNF236	421.35	2	0.63
chr9	131579840	131581003	ZNF236	1247.79	3	0.69
chr9	132231557	132232319	ZNF236	566.82	2	0.28
chr9	133479963	133481062	ZNF236	375.19	2	0.56
chr9	133898327	133899248	ZNF236	514.22	2	0.23
chr9	135818350	135821101	ZNF236	3100.00	2	0.00
chr9	139440548	139441716	ZNF236	1141.29	4	0.63
chr9	139837195	139838325	ZNF236	901.91	2	0.54
chr9	140117228	140118007	ZNF236	684.62	5	0.38
chrX	10976897	10977955	ZNF236	609.61	4	0.32
chrX	17050879	17051717	ZNF236	485.62	2	0.42
chrX	40034560	40035783	ZNF236	630.59	3	0.34
chrX	40942907	40943979	ZNF236	1623.05	5	0.81
chrX	43207884	43208857	ZNF236	406.29	2	0.59
chrX	47879966	47881409	ZNF236	835.85	2	0.50
chrX	48754661	48756125	ZNF236	542.95	2	0.26
chrX	48768357	48769429	ZNF236	421.10	2	0.62
chrX	48916466	48917229	ZNF236	548.94	2	0.27
chrX	53253170	53255121	ZNF236	3100.00	1	0.00
chrX	57313030	57314061	ZNF236	479.07	2	0.61
chrX	69420799	69421887	ZNF236	481.22	2	0.62
chrX	70751781	70754344	ZNF236	3100.00	2	0.00
chrX	71346474	71347677	ZNF236	636.17	2	0.34
chrX	72778634	72779408	ZNF236	669.34	3	0.36
chrX	73468377	73469169	ZNF236	483.46	2	0.63
chrX	84483759	84484868	ZNF236	571.85	2	0.29
chrX	95941322	95942059	ZNF236	477.33	2	0.60
chrX	100645526	100646480	ZNF236	451.47	2	0.53
chrX	101853707	101855301	ZNF236	3100.00	2	0.00
chrX	102883790	102884894	ZNF236	548.59	3	0.26
chrX	103409870	103411067	ZNF236	1373.66	6	0.75
chrX	105644357	105645387	ZNF236	431.47	2	0.49
chrX	105853712	105855410	ZNF236	861.89	2	0.51
chrX	106448623	106449762	ZNF236	654.72	3	0.35
chrX	109247253	109248298	ZNF236	475.51	2	0.60
chrX	110980766	110981720	ZNF236	499.65	3	0.45
chrX	113592441	113593475	ZNF236	494.71	2	0.44
chrX	118115469	118116569	ZNF236	507.29	2	0.45
chrX	147972911	147973936	ZNF236	480.62	2	0.61
chrY	21905683	21907936	ZNF236	3100.00	1	0.00
