chr1	1009265	1010354	SP1	733.74	2	0.00
chr1	1092930	1094398	SP1	1422.90	2	0.00
chr1	1097723	1099340	SP1	1315.00	2	0.00
chr1	1623969	1624951	SP1	878.01	6	0.00
chr1	1849704	1851985	SP1	3100.00	9	0.00
chr1	2126251	2127459	SP1	1543.76	3	0.00
chr1	2456451	2457801	SP1	705.54	2	0.00
chr1	3540237	3541642	SP1	749.59	2	0.00
chr1	3816709	3818098	SP1	1101.35	2	0.00
chr1	6052005	6053299	SP1	3100.00	7	0.00
chr1	6258569	6260372	SP1	1076.65	2	0.00
chr1	6844807	6845613	SP1	3100.00	1	0.00
chr1	8876834	8878135	SP1	717.23	2	0.00
chr1	8938045	8939980	SP1	972.62	2	0.00
chr1	9686451	9687997	SP1	704.00	2	0.00
chr1	10269660	10270723	SP1	3100.00	8	0.00
chr1	10458089	10460044	SP1	3100.00	7	0.00
chr1	10856487	10857913	SP1	2336.96	5	0.00
chr1	11071837	11073573	SP1	3100.00	6	0.00
chr1	11322052	11323773	SP1	3100.00	9	0.00
chr1	12039304	12040896	SP1	1530.47	3	0.00
chr1	12078779	12080336	SP1	3100.00	6	0.00
chr1	19228280	19230418	SP1	2565.95	4	0.00
chr1	20987049	20988810	SP1	3100.00	3	0.00
chr1	23670586	23672260	SP1	1877.20	2	0.00
chr1	23694093	23696344	SP1	2597.38	3	0.00
chr1	23856898	23858609	SP1	1035.56	2	0.00
chr1	24741116	24743695	SP1	3100.00	4	0.00
chr1	24968962	24970230	SP1	906.67	2	0.00
chr1	25071205	25072177	SP1	1987.94	3	0.00
chr1	25756663	25757670	SP1	3100.00	5	0.00
chr1	26361115	26362993	SP1	1447.30	3	0.00
chr1	26560057	26561679	SP1	3224.61	4	0.00
chr1	26826200	26827316	SP1	785.13	2	0.00
chr1	26946643	26948504	SP1	1980.64	3	0.00
chr1	27017786	27020697	SP1	3100.00	3	0.00
chr1	27021520	27022395	SP1	2188.06	3	0.00
chr1	27191028	27192309	SP1	1126.97	2	0.00
chr1	27247602	27249049	SP1	1727.28	2	0.00
chr1	27560047	27561291	SP1	1950.05	5	0.00
chr1	27815357	27817712	SP1	3100.00	4	0.00
chr1	28051443	28053196	SP1	1691.01	5	0.00
chr1	28561803	28563495	SP1	2285.03	2	0.00
chr1	28585595	28586555	SP1	919.35	2	0.00
chr1	28648558	28649502	SP1	1126.31	2	0.00
chr1	31190536	31191730	SP1	821.77	2	0.00
chr1	32109492	32111095	SP1	2387.99	3	0.00
chr1	32537807	32539338	SP1	934.05	2	0.00
chr1	32644734	32645613	SP1	940.73	2	0.00
chr1	32756799	32758714	SP1	2531.71	3	0.00
chr1	33115315	33118104	SP1	2868.59	2	0.00
chr1	33501528	33503324	SP1	3100.00	7	0.00
chr1	33545848	33547159	SP1	1088.24	2	0.00
chr1	33937163	33939205	SP1	1734.95	2	0.00
chr1	35658473	35659424	SP1	2979.26	3	0.00
chr1	36022145	36024247	SP1	3100.00	1	0.00
chr1	36915192	36916528	SP1	2615.87	4	0.00
chr1	38155049	38157104	SP1	1667.46	2	0.00
chr1	38324313	38326333	SP1	1841.15	2	0.00
chr1	38397020	38398295	SP1	3100.00	4	0.00
chr1	38477345	38478774	SP1	1680.37	2	0.00
chr1	40367712	40368668	SP1	548.41	2	0.00
chr1	43146324	43148281	SP1	1799.65	2	0.00
chr1	43231903	43233972	SP1	1461.17	2	0.00
chr1	43311165	43313221	SP1	3228.29	3	0.00
chr1	44114751	44116749	SP1	3100.00	3	0.00
chr1	44350432	44351681	SP1	1042.30	2	0.00
chr1	44820262	44821907	SP1	1735.73	4	0.00
chr1	45139058	45141263	SP1	3036.95	4	0.00
chr1	45240566	45241569	SP1	937.68	2	0.00
chr1	45956063	45958016	SP1	3100.00	6	0.00
chr1	46016088	46017396	SP1	1646.31	2	0.00
chr1	46048763	46051073	SP1	3100.00	3	0.00
chr1	46151407	46153942	SP1	2257.68	2	0.00
chr1	46597308	46599170	SP1	3100.00	5	0.00
chr1	46712425	46714444	SP1	1867.07	3	0.00
chr1	46954705	46956037	SP1	1247.34	3	0.00
chr1	47779253	47780653	SP1	2373.26	2	0.00
chr1	53791101	53792981	SP1	1760.64	5	0.00
chr1	54354809	54356084	SP1	2673.69	3	0.00
chr1	54665407	54666489	SP1	1161.92	2	0.00
chr1	55352416	55353660	SP1	1610.80	2	0.00
chr1	61541879	61544356	SP1	2215.23	2	0.00
chr1	64058903	64060354	SP1	1138.43	2	0.00
chr1	64239208	64240118	SP1	1115.46	2	0.00
chr1	67389544	67391934	SP1	2363.77	3	0.00
chr1	89457967	89459405	SP1	2267.29	4	0.00
chr1	99638844	99639649	SP1	690.92	2	0.00
chr1	109968132	109970142	SP1	1854.67	2	0.00
chr1	110880546	110882971	SP1	3100.00	8	0.00
chr1	112281701	112282541	SP1	1360.70	3	0.00
chr1	114471170	114472890	SP1	611.35	2	0.00
chr1	117601889	117603613	SP1	3100.00	5	0.00
chr1	117663500	117665379	SP1	1483.99	3	0.00
chr1	118147584	118149566	SP1	2535.58	4	0.00
chr1	145575454	145576242	SP1	792.46	2	0.00
chr1	149783736	149784443	SP1	914.94	5	0.00
chr1	150207801	150209321	SP1	3100.00	3	0.00
chr1	150459392	150460755	SP1	1917.69	2	0.00
chr1	150487243	150489002	SP1	1099.52	2	0.00
chr1	150600735	150603079	SP1	3100.00	4	0.00
chr1	150669375	150670803	SP1	3095.71	3	0.00
chr1	151226396	151228125	SP1	1919.25	3	0.00
chr1	151253224	151256321	SP1	3100.00	1	0.00
chr1	151319010	151320416	SP1	3110.55	2	0.00
chr1	151762452	151764393	SP1	3100.00	1	0.00
chr1	153642450	153644877	SP1	2886.95	2	0.00
chr1	153699575	153701062	SP1	955.43	3	0.00
chr1	153755610	153756509	SP1	787.36	2	0.00
chr1	153895308	153896605	SP1	2780.49	3	0.00
chr1	153938859	153941237	SP1	3091.90	2	0.00
chr1	154944986	154947934	SP1	3100.00	5	0.00
chr1	154954679	154956649	SP1	3100.00	6	0.00
chr1	154973145	154975025	SP1	3100.00	5	0.00
chr1	155056786	155059076	SP1	1486.67	2	0.00
chr1	155107342	155109030	SP1	1389.09	2	0.00
chr1	155196129	155198104	SP1	2575.53	2	0.00
chr1	155277886	155279435	SP1	3100.00	5	0.00
chr1	155293143	155295175	SP1	1557.78	2	0.00
chr1	155579035	155580239	SP1	1963.33	6	0.00
chr1	155658051	155659504	SP1	1282.14	2	0.00
chr1	156181889	156183684	SP1	3060.55	3	0.00
chr1	156185246	156186920	SP1	972.64	2	0.00
chr1	156307198	156308761	SP1	3100.00	3	0.00
chr1	156470686	156471781	SP1	1762.42	3	0.00
chr1	159749763	159751691	SP1	1369.40	2	0.00
chr1	159930286	159932430	SP1	2197.06	2	0.00
chr1	160990322	160992156	SP1	3100.00	3	0.00
chr1	161128683	161130271	SP1	1182.71	2	0.00
chr1	161135157	161136994	SP1	3100.00	5	0.00
chr1	161195015	161196256	SP1	1293.08	2	0.00
chr1	162759925	162760695	SP1	1111.71	4	0.00
chr1	167690151	167692169	SP1	3100.00	5	0.00
chr1	171749170	171751612	SP1	3100.00	6	0.00
chr1	172500804	172502329	SP1	2244.03	2	0.00
chr1	180990979	180992840	SP1	1408.62	2	0.00
chr1	181056820	181058670	SP1	1514.13	3	0.00
chr1	184723375	184724821	SP1	1991.72	2	0.00
chr1	185125409	185128236	SP1	1602.09	2	0.00
chr1	197114999	197116573	SP1	2886.64	4	0.00
chr1	200637858	200640048	SP1	1891.83	2	0.00
chr1	201986200	201988766	SP1	1904.11	2	0.00
chr1	202310209	202311647	SP1	3100.00	5	0.00
chr1	202895766	202897025	SP1	1131.56	2	0.00
chr1	205473519	205474838	SP1	2216.29	3	0.00
chr1	206137857	206138579	SP1	1571.67	2	0.00
chr1	212208295	212209963	SP1	1313.57	2	0.00
chr1	212457746	212458892	SP1	3100.00	5	0.00
chr1	213123479	213124466	SP1	1078.93	2	0.00
chr1	214725100	214726177	SP1	1347.00	2	0.00
chr1	225964530	225966358	SP1	1720.92	2	0.00
chr1	226111226	226112648	SP1	1530.16	2	0.00
chr1	226270842	226272057	SP1	896.32	2	0.00
chr1	227127271	227128888	SP1	3100.00	6	0.00
chr1	228296901	228297600	SP1	691.02	2	0.00
chr1	228327525	228328789	SP1	1347.29	3	0.00
chr1	231114462	231115296	SP1	730.31	2	0.00
chr1	234858883	234861141	SP1	1763.85	2	0.00
chr1	236958189	236959689	SP1	1380.35	2	0.00
chr1	241682442	241684035	SP1	1333.16	2	0.00
chr1	247170495	247172197	SP1	1336.44	3	0.00
chr1	247373455	247374910	SP1	1007.34	2	0.00
chr10	1094174	1096196	SP1	3100.00	9	0.00
chr10	4867341	4868585	SP1	939.37	2	0.00
chr10	5572448	5573147	SP1	646.37	2	0.00
chr10	5931756	5932264	SP1	3100.00	5	0.00
chr10	7859861	7860864	SP1	765.23	2	0.00
chr10	12110656	12111231	SP1	899.65	2	0.00
chr10	13202657	13204539	SP1	759.55	2	0.00
chr10	14879739	14881390	SP1	1847.62	2	0.00
chr10	17242348	17244623	SP1	1785.66	2	0.00
chr10	17429229	17431193	SP1	1475.32	2	0.00
chr10	25012763	25014129	SP1	1846.80	4	0.00
chr10	27388771	27389547	SP1	672.89	2	0.00
chr10	28591215	28593133	SP1	1814.48	3	0.00
chr10	32251568	32252528	SP1	890.90	2	0.00
chr10	33431898	33432807	SP1	520.22	2	0.00
chr10	35930904	35931770	SP1	853.47	3	0.00
chr10	43810435	43811361	SP1	619.63	2	0.00
chr10	43931848	43933271	SP1	1044.84	3	0.00
chr10	46167416	46168938	SP1	1450.06	5	0.00
chr10	62537664	62538995	SP1	1007.09	2	0.00
chr10	65124832	65126109	SP1	622.79	2	0.00
chr10	70286298	70287597	SP1	844.68	2	0.00
chr10	70660154	70661686	SP1	1404.20	2	0.00
chr10	70883210	70884676	SP1	874.63	2	0.00
chr10	71210326	71212145	SP1	2011.71	3	0.00
chr10	73610290	73611453	SP1	1685.69	2	0.00
chr10	75756996	75758716	SP1	1093.13	2	0.00
chr10	76585366	76586734	SP1	3100.00	1	0.00
chr10	77168272	77169462	SP1	691.62	2	0.00
chr10	89621132	89622893	SP1	3100.00	4	0.00
chr10	95254859	95256821	SP1	1960.78	2	0.00
chr10	97452836	97454388	SP1	1075.24	2	0.00
chr10	99051330	99053121	SP1	3110.79	3	0.00
chr10	99204773	99206576	SP1	1637.77	4	0.00
chr10	99392300	99394275	SP1	3100.00	9	0.00
chr10	99399556	99401123	SP1	1297.00	3	0.00
chr10	99446539	99447402	SP1	1235.88	2	0.00
chr10	101189424	101191498	SP1	3100.00	8	0.00
chr10	101380065	101381513	SP1	3100.00	5	0.00
chr10	102132400	102134388	SP1	3100.00	3	0.00
chr10	102671649	102673408	SP1	1569.18	2	0.00
chr10	102729619	102732147	SP1	2052.02	2	0.00
chr10	102790592	102791694	SP1	2197.96	5	0.00
chr10	102819901	102821786	SP1	1771.89	2	0.00
chr10	103577315	103579489	SP1	2697.20	3	0.00
chr10	104004080	104006567	SP1	3100.00	5	0.00
chr10	104153196	104154935	SP1	1665.82	3	0.00
chr10	104261168	104264277	SP1	3100.00	2	0.00
chr10	104473600	104475191	SP1	1237.84	2	0.00
chr10	104502693	104504409	SP1	2779.76	3	0.00
chr10	104676984	104678355	SP1	3100.00	9	0.00
chr10	105991581	105992735	SP1	1793.12	3	0.00
chr10	106028310	106029832	SP1	1267.09	2	0.00
chr10	106097696	106098923	SP1	1346.32	2	0.00
chr10	112326430	112328741	SP1	1890.70	2	0.00
chr10	115800649	115802042	SP1	656.16	2	0.00
chr10	120101109	120102531	SP1	2197.47	3	0.00
chr10	121075973	121077315	SP1	1334.43	2	0.00
chr10	121301100	121302790	SP1	808.90	2	0.00
chr10	121484315	121485696	SP1	1208.27	3	0.00
chr10	124912946	124914500	SP1	1715.47	2	0.00
chr10	126604460	126605720	SP1	1339.77	3	0.00
chr10	131907750	131910682	SP1	3100.00	3	0.00
chr11	393444	394827	SP1	959.47	2	0.00
chr11	449283	450572	SP1	942.97	2	0.00
chr11	506007	506865	SP1	849.03	2	0.00
chr11	536370	537533	SP1	1034.35	2	0.00
chr11	559955	560998	SP1	873.37	2	0.00
chr11	614868	616306	SP1	1586.25	3	0.00
chr11	695219	696267	SP1	464.25	2	0.00
chr11	706611	708429	SP1	1605.70	2	0.00
chr11	796915	798071	SP1	1284.19	3	0.00
chr11	804857	805766	SP1	720.14	2	0.00
chr11	808843	810137	SP1	1599.51	3	0.00
chr11	2720891	2722299	SP1	2084.26	6	0.00
chr11	3399559	3401160	SP1	1281.49	2	0.00
chr11	3662703	3664481	SP1	1437.00	3	0.00
chr11	3818168	3819660	SP1	3100.00	6	0.00
chr11	4628635	4630162	SP1	2598.17	3	0.00
chr11	6255072	6256889	SP1	1821.56	3	0.00
chr11	8008237	8009695	SP1	2293.31	3	0.00
chr11	9481025	9483476	SP1	3100.00	1	0.00
chr11	10878652	10880892	SP1	1853.43	2	0.00
chr11	13297700	13299427	SP1	3100.00	8	0.00
chr11	13689748	13690463	SP1	2013.32	4	0.00
chr11	14912388	14914790	SP1	3100.00	4	0.00
chr11	17297110	17298987	SP1	2393.59	4	0.00
chr11	18343261	18344191	SP1	1606.97	2	0.00
chr11	20408117	20410176	SP1	1758.58	2	0.00
chr11	34459736	34460931	SP1	1371.52	2	0.00
chr11	37662929	37664429	SP1	1077.19	2	0.00
chr11	43379823	43381259	SP1	1230.33	2	0.00
chr11	43701723	43702763	SP1	3062.72	4	0.00
chr11	45868494	45869705	SP1	1341.09	2	0.00
chr11	45938596	45940526	SP1	2862.29	3	0.00
chr11	46866861	46868667	SP1	2871.50	4	0.00
chr11	47446603	47449078	SP1	3100.00	5	0.00
chr11	57478558	57480500	SP1	3100.00	5	0.00
chr11	58873626	58874971	SP1	875.85	2	0.00
chr11	59383044	59384936	SP1	3100.00	1	0.00
chr11	61348745	61349712	SP1	949.11	2	0.00
chr11	62413321	62414780	SP1	828.19	2	0.00
chr11	62431716	62433249	SP1	1685.17	3	0.00
chr11	62520696	62522420	SP1	3100.00	5	0.00
chr11	62572167	62573404	SP1	735.41	2	0.00
chr11	62598368	62600566	SP1	3100.00	8	0.00
chr11	63952308	63953844	SP1	3100.00	2	0.00
chr11	63992990	63994279	SP1	1713.15	3	0.00
chr11	63997339	63998780	SP1	818.86	2	0.00
chr11	64007705	64009682	SP1	2117.38	4	0.00
chr11	64051413	64052848	SP1	1183.02	2	0.00
chr11	64140295	64141273	SP1	1721.68	3	0.00
chr11	64545787	64547623	SP1	1303.86	2	0.00
chr11	64691196	64692956	SP1	2379.00	3	0.00
chr11	64794207	64796209	SP1	3100.00	3	0.00
chr11	64878584	64880401	SP1	1825.31	3	0.00
chr11	64901907	64903536	SP1	2737.98	2	0.00
chr11	65381779	65383678	SP1	2218.57	2	0.00
chr11	65818956	65820633	SP1	1334.84	2	0.00
chr11	66056354	66057261	SP1	1798.14	2	0.00
chr11	66079324	66080683	SP1	1154.79	2	0.00
chr11	66247077	66248576	SP1	2129.07	3	0.00
chr11	66383360	66385071	SP1	1992.25	3	0.00
chr11	66725108	66726767	SP1	2923.41	5	0.00
chr11	67069861	67071758	SP1	1270.93	2	0.00
chr11	67141220	67142302	SP1	654.42	2	0.00
chr11	67272885	67274211	SP1	820.04	2	0.00
chr11	67274612	67276992	SP1	3100.00	1	0.00
chr11	67572204	67573808	SP1	1459.76	5	0.00
chr11	67797473	67799303	SP1	2915.56	3	0.00
chr11	68227099	68228247	SP1	3100.00	7	0.00
chr11	69068642	69070231	SP1	1767.18	2	0.00
chr11	69452695	69454323	SP1	1908.48	2	0.00
chr11	71158323	71159986	SP1	3100.00	5	0.00
chr11	71497572	71498683	SP1	1433.63	6	0.00
chr11	71639297	71640625	SP1	1843.25	2	0.00
chr11	71790382	71792256	SP1	2106.80	2	0.00
chr11	71933946	71934881	SP1	700.72	2	0.00
chr11	72524746	72525487	SP1	2326.62	5	0.00
chr11	75478603	75479860	SP1	1088.95	3	0.00
chr11	75525392	75526739	SP1	3100.00	5	0.00
chr11	75918875	75919842	SP1	627.65	2	0.00
chr11	77705015	77706607	SP1	2371.75	2	0.00
chr11	77899230	77900142	SP1	1136.43	2	0.00
chr11	82867214	82869393	SP1	3100.00	7	0.00
chr11	95522058	95524559	SP1	3100.00	3	0.00
chr11	103767335	103767828	SP1	1143.29	2	0.00
chr11	105892376	105894037	SP1	3100.00	5	0.00
chr11	107728824	107730205	SP1	812.59	2	0.00
chr11	111895098	111896565	SP1	1727.89	2	0.00
chr11	117049011	117049764	SP1	1245.87	2	0.00
chr11	117198026	117199554	SP1	1229.23	2	0.00
chr11	118797949	118801766	SP1	3039.32	2	0.00
chr11	118888639	118889558	SP1	1392.66	2	0.00
chr11	118955206	118956744	SP1	2434.50	2	0.00
chr11	118965501	118966835	SP1	2892.32	2	0.00
chr11	118971658	118973951	SP1	1987.29	2	0.00
chr11	119204123	119206342	SP1	2668.39	3	0.00
chr11	121162367	121164396	SP1	1351.83	2	0.00
chr11	122931494	122933990	SP1	3188.73	3	0.00
chr11	124981087	124982424	SP1	2816.00	3	0.00
chr11	125461460	125463815	SP1	3100.00	6	0.00
chr11	126138039	126139490	SP1	1209.65	2	0.00
chr11	126173301	126174927	SP1	852.89	2	0.00
chr11	129872305	129873600	SP1	3100.00	3	0.00
chr11	134093426	134094532	SP1	1057.78	2	0.00
chr12	510133	511896	SP1	2320.94	2	0.00
chr12	2999112	3001316	SP1	2816.25	3	0.00
chr12	6579040	6580576	SP1	3100.00	5	0.00
chr12	6832388	6834197	SP1	2328.44	2	0.00
chr12	6959884	6962404	SP1	3100.00	3	0.00
chr12	7012948	7014662	SP1	2925.99	3	0.00
chr12	7125129	7126809	SP1	1877.04	2	0.00
chr12	8178679	8180717	SP1	3100.00	2	0.00
chr12	8395563	8396631	SP1	1285.40	6	0.00
chr12	9599837	9601546	SP1	704.46	2	0.00
chr12	9601745	9603315	SP1	1104.73	3	0.00
chr12	14926285	14928501	SP1	3100.00	3	0.00
chr12	21653525	21655624	SP1	3100.00	3	0.00
chr12	31811288	31813384	SP1	3100.00	2	0.00
chr12	46764564	46766527	SP1	1810.69	2	0.00
chr12	49074907	49076681	SP1	1946.45	2	0.00
chr12	49258701	49260456	SP1	1417.65	2	0.00
chr12	49462683	49464620	SP1	2187.59	2	0.00
chr12	49504016	49505403	SP1	3052.34	3	0.00
chr12	49658369	49660311	SP1	1087.13	2	0.00
chr12	49715864	49717806	SP1	2629.43	3	0.00
chr12	50560207	50562245	SP1	1648.58	3	0.00
chr12	51418998	51421049	SP1	1827.96	2	0.00
chr12	51565495	51567913	SP1	2282.11	2	0.00
chr12	51631852	51633912	SP1	2918.44	3	0.00
chr12	53297019	53299842	SP1	1832.18	2	0.00
chr12	53472410	53474400	SP1	3100.00	6	0.00
chr12	53771995	53774126	SP1	3100.00	1	0.00
chr12	53893681	53896050	SP1	3100.00	3	0.00
chr12	54018973	54021241	SP1	3100.00	4	0.00
chr12	54671442	54675915	SP1	3100.00	3	0.00
chr12	54718243	54720088	SP1	3100.00	3	0.00
chr12	54752030	54755058	SP1	3100.00	8	0.00
chr12	56210747	56212451	SP1	3100.00	5	0.00
chr12	56366565	56369148	SP1	3100.00	1	0.00
chr12	56521129	56523130	SP1	2197.38	2	0.00
chr12	56693008	56694756	SP1	3100.00	3	0.00
chr12	56726736	56728777	SP1	3100.00	4	0.00
chr12	56752855	56755252	SP1	3100.00	3	0.00
chr12	57038440	57040880	SP1	3100.00	4	0.00
chr12	57471954	57473848	SP1	3100.00	2	0.00
chr12	57852560	57853851	SP1	1307.45	2	0.00
chr12	58086570	58089036	SP1	3100.00	4	0.00
chr12	58137368	58140091	SP1	3100.00	2	0.00
chr12	68725771	68726726	SP1	1740.19	2	0.00
chr12	69753135	69754399	SP1	1302.27	2	0.00
chr12	76477506	76479598	SP1	1312.71	2	0.00
chr12	92539361	92540530	SP1	1048.69	2	0.00
chr12	95466556	95467742	SP1	560.51	2	0.00
chr12	96251789	96253535	SP1	1595.72	2	0.00
chr12	98908583	98910474	SP1	3100.00	6	0.00
chr12	98986458	98988559	SP1	1498.45	2	0.00
chr12	104322563	104325850	SP1	3100.00	4	0.00
chr12	107485508	107488615	SP1	1708.45	2	0.00
chr12	108907930	108909861	SP1	1891.35	3	0.00
chr12	109534885	109536896	SP1	2797.74	4	0.00
chr12	110010172	110012015	SP1	3100.00	5	0.00
chr12	111806086	111808106	SP1	973.28	2	0.00
chr12	112562422	112564097	SP1	3100.00	4	0.00
chr12	113622302	113623983	SP1	3100.00	3	0.00
chr12	113658134	113661219	SP1	3100.00	7	0.00
chr12	117175093	117176772	SP1	1861.99	3	0.00
chr12	120314285	120315898	SP1	2303.38	2	0.00
chr12	120638346	120640106	SP1	2837.29	3	0.00
chr12	121123498	121125091	SP1	3100.00	4	0.00
chr12	121837182	121838723	SP1	3100.00	6	0.00
chr12	122277036	122278085	SP1	1660.27	2	0.00
chr12	122710072	122711431	SP1	1551.80	2	0.00
chr12	123237028	123238216	SP1	1041.19	2	0.00
chr12	123458662	123460819	SP1	2478.37	2	0.00
chr12	123867608	123869680	SP1	3100.00	5	0.00
chr12	125398430	125400326	SP1	3100.00	3	0.00
chr12	125400559	125403291	SP1	2454.77	2	0.00
chr12	125533871	125535071	SP1	881.71	2	0.00
chr13	20206803	20208716	SP1	2400.41	2	0.00
chr13	20437370	20439639	SP1	3100.00	6	0.00
chr13	20532108	20533225	SP1	2056.17	4	0.00
chr13	26795288	26796767	SP1	2213.12	2	0.00
chr13	28194537	28195821	SP1	1136.61	2	0.00
chr13	29292164	29294345	SP1	3100.00	6	0.00
chr13	31734810	31737057	SP1	1361.39	2	0.00
chr13	36847804	36848752	SP1	598.99	2	0.00
chr13	41633791	41636223	SP1	2207.01	2	0.00
chr13	48574834	48575984	SP1	656.16	2	0.00
chr13	52157869	52159477	SP1	1992.29	3	0.00
chr13	52585695	52587785	SP1	3100.00	3	0.00
chr13	60737298	60739170	SP1	1519.91	2	0.00
chr13	60969498	60971438	SP1	1892.49	3	0.00
chr13	73301090	73302767	SP1	2103.12	3	0.00
chr13	73632085	73633565	SP1	2908.19	4	0.00
chr13	96328297	96329737	SP1	903.00	2	0.00
chr13	98084392	98086291	SP1	3100.00	7	0.00
chr13	103248620	103250103	SP1	2052.90	3	0.00
chr13	103450536	103452320	SP1	2189.07	5	0.00
chr13	105468952	105469933	SP1	481.67	2	0.00
chr13	111364176	111365982	SP1	3100.00	6	0.00
chr13	111367291	111368827	SP1	3100.00	7	0.00
chr13	112766866	112767930	SP1	938.64	2	0.00
chr14	20929024	20930961	SP1	3100.00	6	0.00
chr14	21457245	21458608	SP1	2468.82	4	0.00
chr14	21571221	21573013	SP1	793.21	2	0.00
chr14	21736566	21738482	SP1	3100.00	1	0.00
chr14	21924011	21925412	SP1	1761.33	3	0.00
chr14	23339918	23341118	SP1	1536.53	2	0.00
chr14	23425330	23427051	SP1	692.61	2	0.00
chr14	23475591	23477317	SP1	1838.45	3	0.00
chr14	23754599	23756393	SP1	3048.43	4	0.00
chr14	23789761	23790813	SP1	2363.55	2	0.00
chr14	23937620	23939680	SP1	3100.00	6	0.00
chr14	24521270	24521953	SP1	781.03	2	0.00
chr14	24582901	24585509	SP1	3100.00	6	0.00
chr14	24609901	24611779	SP1	2627.52	3	0.00
chr14	24710898	24712754	SP1	2141.56	3	0.00
chr14	24835262	24837150	SP1	3100.00	8	0.00
chr14	32544973	32546157	SP1	1243.38	2	0.00
chr14	36294905	36296657	SP1	1336.22	2	0.00
chr14	39643335	39645086	SP1	3100.00	3	0.00
chr14	45602706	45605873	SP1	2921.54	3	0.00
chr14	50086560	50088197	SP1	1852.41	2	0.00
chr14	50777912	50779818	SP1	1859.53	3	0.00
chr14	51561525	51562289	SP1	1326.62	3	0.00
chr14	52455156	52457053	SP1	1850.86	2	0.00
chr14	53018716	53019727	SP1	3100.00	5	0.00
chr14	53195799	53197793	SP1	1642.38	3	0.00
chr14	54862882	54864507	SP1	3100.00	5	0.00
chr14	58763530	58765861	SP1	3100.00	9	0.00
chr14	64009636	64010948	SP1	3049.48	5	0.00
chr14	65877738	65879384	SP1	1946.24	2	0.00
chr14	68140985	68142042	SP1	924.60	2	0.00
chr14	68285606	68287608	SP1	1393.86	2	0.00
chr14	69258778	69261103	SP1	2402.97	2	0.00
chr14	69445241	69446556	SP1	1182.41	3	0.00
chr14	73360557	73361616	SP1	691.02	2	0.00
chr14	73924378	73926041	SP1	3100.00	8	0.00
chr14	74318136	74319424	SP1	1521.68	2	0.00
chr14	74550339	74551997	SP1	3100.00	7	0.00
chr14	74959076	74961480	SP1	3032.02	4	0.00
chr14	75642502	75643835	SP1	937.27	2	0.00
chr14	75744758	75746248	SP1	1666.36	3	0.00
chr14	76126395	76127971	SP1	3138.87	4	0.00
chr14	76236697	76238318	SP1	998.83	2	0.00
chr14	78082879	78084521	SP1	3100.00	6	0.00
chr14	81999308	82001237	SP1	3100.00	6	0.00
chr14	89882002	89883180	SP1	892.70	2	0.00
chr14	90420215	90422264	SP1	3068.76	4	0.00
chr14	90848277	90850241	SP1	2642.93	4	0.00
chr14	91526644	91528076	SP1	3100.00	5	0.00
chr14	91975698	91977554	SP1	1224.21	2	0.00
chr14	92587655	92588961	SP1	1659.93	2	0.00
chr14	93672284	93674201	SP1	2333.32	3	0.00
chr14	94492081	94493074	SP1	3115.08	5	0.00
chr14	95623756	95624632	SP1	2282.69	4	0.00
chr14	96000807	96001490	SP1	3100.00	7	0.00
chr14	99947236	99948169	SP1	2033.65	3	0.00
chr14	100042067	100043567	SP1	591.76	2	0.00
chr14	100841365	100843755	SP1	3100.00	4	0.00
chr14	102605413	102606997	SP1	1073.27	2	0.00
chr14	103799683	103800912	SP1	864.86	2	0.00
chr14	104181010	104182218	SP1	793.30	2	0.00
chr14	104337907	104339181	SP1	872.96	2	0.00
chr14	105218494	105220334	SP1	3100.00	4	0.00
chr14	105281826	105282971	SP1	827.49	2	0.00
chr14	105956987	105958518	SP1	3100.00	2	0.00
chr15	32906584	32908686	SP1	1191.38	2	0.00
chr15	33486657	33488060	SP1	1202.54	2	0.00
chr15	40614767	40615934	SP1	1642.15	2	0.00
chr15	40696998	40698875	SP1	2197.80	3	0.00
chr15	41055485	41057227	SP1	1752.48	2	0.00
chr15	41244284	41246660	SP1	3224.03	3	0.00
chr15	41575166	41578003	SP1	3100.00	4	0.00
chr15	41623980	41626067	SP1	1988.08	2	0.00
chr15	42867182	42868537	SP1	1301.63	2	0.00
chr15	43212031	43214262	SP1	3100.00	6	0.00
chr15	43419380	43420942	SP1	1198.47	2	0.00
chr15	43784192	43786403	SP1	3100.00	4	0.00
chr15	44486367	44488061	SP1	3076.55	3	0.00
chr15	45571142	45572573	SP1	3100.00	3	0.00
chr15	49102515	49104196	SP1	3100.00	4	0.00
chr15	59041162	59043238	SP1	1420.64	2	0.00
chr15	64672678	64674549	SP1	3100.00	4	0.00
chr15	69112600	69114125	SP1	2322.53	4	0.00
chr15	70391679	70392789	SP1	2114.10	3	0.00
chr15	71701938	71705664	SP1	3100.00	3	0.00
chr15	72522850	72525268	SP1	2304.60	2	0.00
chr15	75164668	75166280	SP1	1570.12	2	0.00
chr15	75743679	75746798	SP1	3100.00	6	0.00
chr15	75931821	75933498	SP1	2883.45	2	0.00
chr15	78798694	78800922	SP1	3100.00	3	0.00
chr15	80214954	80217092	SP1	2556.51	3	0.00
chr15	80364126	80365544	SP1	2881.20	2	0.00
chr15	83477390	83478735	SP1	1632.19	2	0.00
chr15	85522906	85524936	SP1	2604.12	2	0.00
chr15	89163607	89166050	SP1	2526.66	3	0.00
chr15	89630080	89633100	SP1	3100.00	7	0.00
chr15	90117579	90119769	SP1	3100.00	5	0.00
chr15	90894608	90896713	SP1	3100.00	3	0.00
chr15	91497195	91499313	SP1	1996.90	2	0.00
chr15	93423704	93425941	SP1	1975.79	2	0.00
chr15	98503071	98504651	SP1	3100.00	2	0.00
chr15	99394770	99396734	SP1	1965.04	2	0.00
chr16	102802	104417	SP1	2234.02	4	0.00
chr16	402968	403763	SP1	804.92	3	0.00
chr16	639183	640082	SP1	3100.00	5	0.00
chr16	686240	687170	SP1	744.17	2	0.00
chr16	1139397	1140634	SP1	1029.46	2	0.00
chr16	1358934	1359555	SP1	1737.94	4	0.00
chr16	1392261	1393917	SP1	1896.95	3	0.00
chr16	1458034	1458878	SP1	890.87	3	0.00
chr16	1832431	1833167	SP1	3100.00	1	0.00
chr16	1876698	1877613	SP1	1180.15	2	0.00
chr16	1992907	1994247	SP1	2416.70	4	0.00
chr16	2204316	2206367	SP1	2493.22	3	0.00
chr16	2264818	2265888	SP1	734.90	2	0.00
chr16	2272934	2274011	SP1	496.47	2	0.00
chr16	2317850	2318609	SP1	817.19	2	0.00
chr16	2478626	2479962	SP1	1303.05	3	0.00
chr16	2581277	2582501	SP1	849.89	2	0.00
chr16	2932386	2933647	SP1	889.09	2	0.00
chr16	2954467	2956809	SP1	3100.00	5	0.00
chr16	2961069	2961932	SP1	645.63	2	0.00
chr16	3018131	3019824	SP1	1952.36	6	0.00
chr16	3053595	3054219	SP1	1299.46	2	0.00
chr16	3173548	3175348	SP1	1158.11	2	0.00
chr16	3313297	3315534	SP1	1429.27	2	0.00
chr16	3332643	3334218	SP1	1083.37	2	0.00
chr16	3450450	3452226	SP1	1723.68	3	0.00
chr16	3630809	3631750	SP1	855.71	2	0.00
chr16	4357187	4358136	SP1	571.36	2	0.00
chr16	4525683	4527407	SP1	1671.06	3	0.00
chr16	4852650	4853962	SP1	746.31	2	0.00
chr16	5007317	5008340	SP1	1502.34	3	0.00
chr16	9184688	9185693	SP1	1160.57	2	0.00
chr16	15068337	15069607	SP1	2287.19	4	0.00
chr16	15981783	15982866	SP1	1817.73	2	0.00
chr16	19078486	19079929	SP1	3100.00	6	0.00
chr16	22200801	22203650	SP1	3100.00	7	0.00
chr16	22385314	22386629	SP1	1224.64	2	0.00
chr16	23567969	23569138	SP1	860.75	2	0.00
chr16	23651941	23653323	SP1	1002.36	2	0.00
chr16	24549752	24551261	SP1	1708.01	2	0.00
chr16	25042295	25043940	SP1	1149.98	2	0.00
chr16	25122013	25123987	SP1	1136.88	2	0.00
chr16	28961665	28963229	SP1	3100.00	7	0.00
chr16	29874207	29875406	SP1	2728.25	2	0.00
chr16	30032442	30033451	SP1	989.46	2	0.00
chr16	30076010	30077763	SP1	1986.29	4	0.00
chr16	30381695	30383343	SP1	3100.00	1	0.00
chr16	30388968	30390266	SP1	1675.17	3	0.00
chr16	30418153	30419182	SP1	621.40	2	0.00
chr16	30582620	30584065	SP1	2424.96	4	0.00
chr16	30620496	30622388	SP1	3100.00	1	0.00
chr16	30645016	30646891	SP1	3100.00	3	0.00
chr16	30661489	30662855	SP1	3100.00	7	0.00
chr16	30668683	30670689	SP1	3100.00	5	0.00
chr16	30968415	30969384	SP1	2219.61	4	0.00
chr16	31152444	31153915	SP1	1612.48	2	0.00
chr16	31190629	31192222	SP1	2022.02	4	0.00
chr16	31470155	31471647	SP1	739.06	2	0.00
chr16	31498059	31499635	SP1	914.75	2	0.00
chr16	31723875	31725090	SP1	905.07	2	0.00
chr16	31884627	31885686	SP1	1929.38	3	0.00
chr16	46722135	46724470	SP1	3100.00	7	0.00
chr16	50058165	50060285	SP1	2517.73	3	0.00
chr16	50774910	50776766	SP1	3100.00	1	0.00
chr16	53133452	53134563	SP1	790.82	2	0.00
chr16	53537115	53538289	SP1	2265.75	5	0.00
chr16	54962914	54963652	SP1	604.04	2	0.00
chr16	56484402	56486677	SP1	1545.76	2	0.00
chr16	56965372	56966753	SP1	2172.74	2	0.00
chr16	57219196	57222078	SP1	2828.88	3	0.00
chr16	57768210	57770730	SP1	3100.00	1	0.00
chr16	58033200	58034101	SP1	621.61	2	0.00
chr16	58034787	58035564	SP1	706.07	2	0.00
chr16	58163077	58164506	SP1	1966.47	3	0.00
chr16	58662877	58664775	SP1	3100.00	9	0.00
chr16	66913492	66915012	SP1	3181.38	5	0.00
chr16	67194260	67195688	SP1	997.79	2	0.00
chr16	67216466	67218442	SP1	2685.00	4	0.00
chr16	67693372	67694836	SP1	982.70	2	0.00
chr16	67839988	67841775	SP1	1672.11	2	0.00
chr16	68056198	68057758	SP1	1036.00	2	0.00
chr16	68278627	68279747	SP1	1491.11	3	0.00
chr16	69457331	69459218	SP1	1642.87	2	0.00
chr16	70322745	70324235	SP1	801.42	2	0.00
chr16	70414185	70416070	SP1	3100.00	4	0.00
chr16	71928637	71930194	SP1	2115.60	3	0.00
chr16	72041731	72042958	SP1	2316.71	5	0.00
chr16	74700194	74701800	SP1	3100.00	8	0.00
chr16	75181846	75183410	SP1	793.47	2	0.00
chr16	75550526	75552009	SP1	1716.54	3	0.00
chr16	77223762	77225624	SP1	3100.00	5	0.00
chr16	78132636	78134322	SP1	2263.66	5	0.00
chr16	79804082	79805378	SP1	728.32	2	0.00
chr16	81039963	81041932	SP1	2799.59	3	0.00
chr16	81129880	81131368	SP1	1611.62	3	0.00
chr16	84537388	84538696	SP1	1219.57	2	0.00
chr16	87350480	87351769	SP1	3100.00	4	0.00
chr16	87526555	87527329	SP1	753.17	2	0.00
chr16	88729274	88730528	SP1	3100.00	9	0.00
chr16	88877288	88878844	SP1	1439.59	3	0.00
chr16	88923346	88924514	SP1	579.98	2	0.00
chr16	89118590	89119918	SP1	581.27	2	0.00
chr16	89261658	89262688	SP1	598.90	2	0.00
chr16	89556867	89558206	SP1	3100.00	1	0.00
chr16	89648919	89649734	SP1	655.34	2	0.00
chr16	89752699	89754194	SP1	976.11	2	0.00
chr16	89767532	89769117	SP1	1096.13	3	0.00
chr16	89882829	89884195	SP1	733.63	2	0.00
chr16	89991907	89993284	SP1	697.74	2	0.00
chr16	90143050	90144285	SP1	1155.52	2	0.00
chr17	1419411	1420913	SP1	928.04	2	0.00
chr17	1531315	1532881	SP1	2803.09	7	0.00
chr17	1587536	1589001	SP1	2428.16	4	0.00
chr17	1618638	1621852	SP1	3100.00	6	0.00
chr17	1932688	1934137	SP1	1382.23	3	0.00
chr17	2302485	2306063	SP1	3100.00	6	0.00
chr17	2951205	2953355	SP1	2118.08	2	0.00
chr17	3538816	3540462	SP1	1155.58	3	0.00
chr17	4613199	4614593	SP1	1613.16	4	0.00
chr17	4869604	4872199	SP1	3100.00	1	0.00
chr17	5389048	5390403	SP1	1919.51	4	0.00
chr17	6346884	6348414	SP1	1165.16	2	0.00
chr17	7154957	7156695	SP1	1752.38	2	0.00
chr17	7184624	7185931	SP1	596.85	2	0.00
chr17	7306318	7308187	SP1	3141.30	4	0.00
chr17	7386691	7388439	SP1	2044.41	2	0.00
chr17	7474767	7476870	SP1	3100.00	9	0.00
chr17	7518212	7518840	SP1	2065.91	4	0.00
chr17	7619596	7621127	SP1	3053.48	5	0.00
chr17	7737938	7741349	SP1	3136.63	3	0.00
chr17	7745014	7748849	SP1	3100.00	3	0.00
chr17	8058790	8060427	SP1	3100.00	9	0.00
chr17	8092764	8094562	SP1	3100.00	6	0.00
chr17	8286271	8287386	SP1	971.33	2	0.00
chr17	8533542	8535164	SP1	2506.14	5	0.00
chr17	12920387	12921765	SP1	1902.74	4	0.00
chr17	16188899	16190656	SP1	1676.32	2	0.00
chr17	16283873	16285414	SP1	1395.63	2	0.00
chr17	17139598	17141161	SP1	1480.35	2	0.00
chr17	17875014	17876569	SP1	3100.00	2	0.00
chr17	17941305	17942907	SP1	2281.25	4	0.00
chr17	18163142	18164632	SP1	3100.00	7	0.00
chr17	18265967	18267473	SP1	934.88	2	0.00
chr17	20946488	20947844	SP1	846.33	2	0.00
chr17	21187018	21189437	SP1	1412.78	2	0.00
chr17	25658944	25660456	SP1	991.80	2	0.00
chr17	26367415	26369178	SP1	3100.00	1	0.00
chr17	26645028	26647230	SP1	2636.25	4	0.00
chr17	26925088	26926909	SP1	1582.82	2	0.00
chr17	27054782	27056554	SP1	1747.25	2	0.00
chr17	27138538	27139958	SP1	2099.51	4	0.00
chr17	29034366	29036080	SP1	3100.00	6	0.00
chr17	34899853	34901245	SP1	699.05	2	0.00
chr17	36908219	36910168	SP1	3100.00	2	0.00
chr17	37894869	37896726	SP1	978.40	3	0.00
chr17	38210073	38211550	SP1	1993.53	3	0.00
chr17	38295734	38297061	SP1	553.35	2	0.00
chr17	38572897	38575119	SP1	3100.00	1	0.00
chr17	39844143	39846529	SP1	1992.38	2	0.00
chr17	39942234	39943945	SP1	3100.00	9	0.00
chr17	40074052	40076405	SP1	2767.05	4	0.00
chr17	40168819	40170548	SP1	1174.88	2	0.00
chr17	40539513	40541479	SP1	3218.75	4	0.00
chr17	40574528	40575573	SP1	667.97	2	0.00
chr17	40714762	40716369	SP1	733.10	2	0.00
chr17	40760735	40762608	SP1	1481.80	2	0.00
chr17	40828320	40830217	SP1	2130.50	4	0.00
chr17	41321434	41324576	SP1	3100.00	3	0.00
chr17	42263765	42264984	SP1	1059.62	2	0.00
chr17	42402171	42403129	SP1	603.11	2	0.00
chr17	42421933	42423718	SP1	1437.46	2	0.00
chr17	42852340	42853694	SP1	1019.10	2	0.00
chr17	43137993	43139859	SP1	3100.00	2	0.00
chr17	43223876	43227062	SP1	2873.16	2	0.00
chr17	43238444	43240086	SP1	2112.39	2	0.00
chr17	43324475	43326229	SP1	1693.22	3	0.00
chr17	45177335	45178541	SP1	1120.97	4	0.00
chr17	45726381	45727494	SP1	3100.00	1	0.00
chr17	45972260	45974330	SP1	3100.00	3	0.00
chr17	46017936	46019837	SP1	3100.00	5	0.00
chr17	46047485	46049078	SP1	1988.02	2	0.00
chr17	46124510	46126647	SP1	3100.00	6	0.00
chr17	46687751	46688795	SP1	762.01	2	0.00
chr17	46968910	46971169	SP1	3100.00	5	0.00
chr17	47268987	47270979	SP1	2241.67	2	0.00
chr17	47307733	47308536	SP1	611.81	2	0.00
chr17	47784690	47786603	SP1	1752.38	2	0.00
chr17	47840961	47842400	SP1	2691.50	5	0.00
chr17	47865318	47867302	SP1	3100.00	7	0.00
chr17	48171444	48173458	SP1	3100.00	6	0.00
chr17	48277269	48278355	SP1	677.22	2	0.00
chr17	48943417	48945550	SP1	2693.35	2	0.00
chr17	49337045	49338323	SP1	3100.00	4	0.00
chr17	53478788	53480536	SP1	1452.29	2	0.00
chr17	53496105	53496885	SP1	895.85	2	0.00
chr17	56593899	56596661	SP1	3100.00	1	0.00
chr17	57231435	57233883	SP1	3100.00	1	0.00
chr17	58754052	58756002	SP1	3100.00	6	0.00
chr17	61626733	61628768	SP1	3100.00	4	0.00
chr17	61698824	61699892	SP1	3100.00	8	0.00
chr17	61919886	61921144	SP1	2128.27	5	0.00
chr17	62207351	62208508	SP1	615.41	2	0.00
chr17	62776529	62777330	SP1	841.35	2	0.00
chr17	63224922	63226194	SP1	1694.11	2	0.00
chr17	66453665	66454874	SP1	1830.95	2	0.00
chr17	72771959	72772721	SP1	1066.44	2	0.00
chr17	72868872	72870397	SP1	2835.69	5	0.00
chr17	73042489	73043411	SP1	747.40	2	0.00
chr17	73149730	73151275	SP1	2312.85	4	0.00
chr17	73256871	73258820	SP1	2725.32	2	0.00
chr17	73451847	73453833	SP1	3100.00	1	0.00
chr17	73775061	73776661	SP1	2181.21	3	0.00
chr17	73850723	73852203	SP1	819.81	2	0.00
chr17	73891620	73892649	SP1	463.16	2	0.00
chr17	74260004	74261487	SP1	3100.00	1	0.00
chr17	74667140	74668872	SP1	3100.00	8	0.00
chr17	74721532	74723595	SP1	1296.97	2	0.00
chr17	74732867	74734576	SP1	857.09	2	0.00
chr17	76182366	76184328	SP1	3185.65	6	0.00
chr17	76836251	76837642	SP1	1389.91	3	0.00
chr17	77774013	77775732	SP1	1024.07	2	0.00
chr17	79093076	79094017	SP1	867.01	2	0.00
chr17	79196014	79197466	SP1	1569.72	4	0.00
chr17	79212358	79213909	SP1	3100.00	2	0.00
chr17	79268421	79270073	SP1	1723.33	3	0.00
chr17	79367645	79369916	SP1	1947.13	2	0.00
chr17	79632854	79634153	SP1	1874.92	3	0.00
chr17	79650249	79651183	SP1	2320.82	5	0.00
chr17	79979970	79981767	SP1	3034.20	7	0.00
chr17	79995158	79996254	SP1	2260.64	4	0.00
chr17	80415314	80417259	SP1	2617.47	6	0.00
chr17	81009168	81010281	SP1	1314.68	3	0.00
chr18	5400972	5402108	SP1	643.65	2	0.00
chr18	11980594	11981376	SP1	662.10	2	0.00
chr18	12947788	12948403	SP1	914.92	2	0.00
chr18	14132215	14133021	SP1	1215.78	5	0.00
chr18	21032059	21033995	SP1	1896.20	2	0.00
chr18	33077498	33078331	SP1	1567.74	3	0.00
chr18	33708946	33710844	SP1	3100.00	4	0.00
chr18	51499372	51500316	SP1	538.80	2	0.00
chr18	55101014	55102743	SP1	1443.75	2	0.00
chr18	59853796	59855304	SP1	1056.02	2	0.00
chr18	61034532	61035896	SP1	1226.82	2	0.00
chr18	61637262	61638278	SP1	1062.43	2	0.00
chr18	65314162	65314884	SP1	651.57	2	0.00
chr18	71958093	71960048	SP1	3100.00	1	0.00
chr18	72162919	72164145	SP1	1256.11	2	0.00
chr18	76828951	76829611	SP1	636.93	2	0.00
chr19	796648	797580	SP1	3100.00	1	0.00
chr19	925083	925973	SP1	920.21	3	0.00
chr19	1039332	1041642	SP1	3100.00	3	0.00
chr19	1103105	1104134	SP1	986.09	2	0.00
chr19	1204814	1205878	SP1	3100.00	1	0.00
chr19	1268203	1270745	SP1	1836.35	2	0.00
chr19	1454995	1456494	SP1	959.85	2	0.00
chr19	1478398	1479964	SP1	1248.02	2	0.00
chr19	1489545	1491548	SP1	3100.00	1	0.00
chr19	1506984	1508741	SP1	3100.00	1	0.00
chr19	1512629	1513608	SP1	539.40	2	0.00
chr19	1652632	1653465	SP1	3100.00	1	0.00
chr19	1836567	1837661	SP1	553.42	2	0.00
chr19	1875768	1876649	SP1	731.92	2	0.00
chr19	2061387	2062704	SP1	1853.21	4	0.00
chr19	2151452	2152500	SP1	3100.00	9	0.00
chr19	2268677	2269802	SP1	975.29	3	0.00
chr19	2474857	2477250	SP1	1863.74	2	0.00
chr19	2739054	2740571	SP1	1459.67	2	0.00
chr19	2840766	2841710	SP1	3100.00	8	0.00
chr19	2899884	2901326	SP1	2467.34	5	0.00
chr19	2944155	2945728	SP1	3100.00	1	0.00
chr19	2976968	2977996	SP1	1156.71	2	0.00
chr19	3034885	3037310	SP1	3061.29	3	0.00
chr19	3557531	3558748	SP1	1711.92	3	0.00
chr19	3571665	3572937	SP1	2087.24	6	0.00
chr19	3625793	3627608	SP1	3100.00	7	0.00
chr19	3720232	3722441	SP1	3100.00	5	0.00
chr19	3970404	3971806	SP1	712.37	2	0.00
chr19	4246590	4248431	SP1	3100.00	4	0.00
chr19	4341740	4343617	SP1	3100.00	1	0.00
chr19	4470558	4472363	SP1	3100.00	8	0.00
chr19	4583997	4585169	SP1	689.06	2	0.00
chr19	4790754	4792165	SP1	1960.64	3	0.00
chr19	4867041	4868749	SP1	1537.52	3	0.00
chr19	4968187	4969211	SP1	3100.00	1	0.00
chr19	5790082	5791762	SP1	1392.10	2	0.00
chr19	5903437	5904960	SP1	3100.00	3	0.00
chr19	6110522	6111196	SP1	1924.22	4	0.00
chr19	6371871	6373334	SP1	3100.00	1	0.00
chr19	6424678	6426177	SP1	3100.00	1	0.00
chr19	6459221	6461393	SP1	1872.20	4	0.00
chr19	6463601	6465307	SP1	866.82	2	0.00
chr19	6736197	6738749	SP1	3100.00	1	0.00
chr19	7586486	7588048	SP1	750.44	2	0.00
chr19	7693731	7695596	SP1	3100.00	6	0.00
chr19	7894177	7895229	SP1	3100.00	3	0.00
chr19	7984676	7986179	SP1	712.14	2	0.00
chr19	8008132	8009671	SP1	1972.52	2	0.00
chr19	8372195	8374197	SP1	1139.64	2	0.00
chr19	8407662	8408979	SP1	1192.80	4	0.00
chr19	8454472	8456107	SP1	3100.00	1	0.00
chr19	8589762	8591728	SP1	2703.66	3	0.00
chr19	9945215	9946633	SP1	2591.11	6	0.00
chr19	10361947	10363626	SP1	3100.00	7	0.00
chr19	10490798	10492464	SP1	3100.00	8	0.00
chr19	10526781	10528155	SP1	917.23	2	0.00
chr19	10679576	10680930	SP1	2897.57	4	0.00
chr19	10827569	10828926	SP1	3100.00	2	0.00
chr19	10859266	10860994	SP1	1815.30	2	0.00
chr19	10945668	10947561	SP1	2748.70	3	0.00
chr19	11265989	11267593	SP1	1785.41	3	0.00
chr19	11456266	11458109	SP1	3100.00	3	0.00
chr19	11484511	11486285	SP1	3100.00	6	0.00
chr19	11490985	11492746	SP1	3100.00	3	0.00
chr19	11639451	11640339	SP1	974.26	2	0.00
chr19	11707772	11709246	SP1	1575.28	3	0.00
chr19	11849335	11850772	SP1	1319.12	2	0.00
chr19	12035383	12036793	SP1	968.42	2	0.00
chr19	12551257	12552560	SP1	1100.13	2	0.00
chr19	12594942	12596083	SP1	1076.54	2	0.00
chr19	12661454	12663477	SP1	3100.00	3	0.00
chr19	12847104	12848627	SP1	3100.00	4	0.00
chr19	13001045	13002634	SP1	3100.00	7	0.00
chr19	13048190	13050381	SP1	3100.00	1	0.00
chr19	13075739	13076686	SP1	537.77	2	0.00
chr19	13260460	13261607	SP1	965.97	2	0.00
chr19	13273251	13274354	SP1	1621.18	2	0.00
chr19	13857725	13859138	SP1	1171.13	3	0.00
chr19	13905398	13906466	SP1	3100.00	1	0.00
chr19	13957335	13958749	SP1	801.95	2	0.00
chr19	14062468	14063546	SP1	3100.00	1	0.00
chr19	14115639	14118234	SP1	3100.00	1	0.00
chr19	14185188	14186151	SP1	792.85	2	0.00
chr19	14191639	14193011	SP1	1551.64	2	0.00
chr19	14228396	14228997	SP1	3100.00	5	0.00
chr19	14246658	14248972	SP1	3100.00	9	0.00
chr19	14317609	14319281	SP1	3100.00	8	0.00
chr19	14529365	14531221	SP1	3100.00	5	0.00
chr19	14639526	14641429	SP1	3136.81	3	0.00
chr19	15529012	15530941	SP1	3100.00	7	0.00
chr19	15947461	15948914	SP1	2719.95	4	0.00
chr19	16221569	16223656	SP1	2887.29	5	0.00
chr19	16606411	16607583	SP1	1841.72	2	0.00
chr19	16652252	16653425	SP1	676.57	2	0.00
chr19	17185245	17186749	SP1	2276.05	4	0.00
chr19	17377380	17378610	SP1	1932.73	2	0.00
chr19	17419822	17421470	SP1	3100.00	7	0.00
chr19	17446752	17449188	SP1	2573.83	2	0.00
chr19	17650108	17650946	SP1	669.13	2	0.00
chr19	17665653	17667115	SP1	1087.30	3	0.00
chr19	17857687	17859039	SP1	775.72	2	0.00
chr19	17969975	17971522	SP1	2521.63	4	0.00
chr19	18303012	18304592	SP1	3100.00	1	0.00
chr19	18313850	18316094	SP1	3100.00	1	0.00
chr19	18439125	18440047	SP1	1217.15	2	0.00
chr19	18632597	18634163	SP1	1146.92	2	0.00
chr19	18699736	18701099	SP1	753.60	2	0.00
chr19	19029228	19031594	SP1	2784.84	2	0.00
chr19	19173850	19174899	SP1	3100.00	2	0.00
chr19	19495635	19496742	SP1	3100.00	2	0.00
chr19	33165826	33166997	SP1	3100.00	8	0.00
chr19	33461643	33463906	SP1	3100.00	8	0.00
chr19	35738142	35740466	SP1	3100.00	9	0.00
chr19	36119171	36120925	SP1	3100.00	3	0.00
chr19	36192457	36194381	SP1	3100.00	6	0.00
chr19	36238633	36240047	SP1	2850.19	3	0.00
chr19	36248200	36249558	SP1	3100.00	6	0.00
chr19	36504408	36506443	SP1	3100.00	1	0.00
chr19	36544334	36546508	SP1	3100.00	4	0.00
chr19	36604986	36607001	SP1	3100.00	6	0.00
chr19	38893104	38894200	SP1	1916.91	5	0.00
chr19	39339737	39342130	SP1	3100.00	1	0.00
chr19	39389592	39391711	SP1	3100.00	7	0.00
chr19	39420766	39422489	SP1	2191.28	3	0.00
chr19	39615777	39616991	SP1	1231.70	3	0.00
chr19	39881187	39882622	SP1	3100.00	4	0.00
chr19	39970983	39972642	SP1	2088.63	3	0.00
chr19	40727760	40728541	SP1	936.70	2	0.00
chr19	40930695	40932646	SP1	2942.00	5	0.00
chr19	40948724	40950968	SP1	2727.06	3	0.00
chr19	40970993	40972891	SP1	1022.39	2	0.00
chr19	41082406	41083486	SP1	3100.00	1	0.00
chr19	41109321	41112157	SP1	1751.74	2	0.00
chr19	41255541	41257679	SP1	3100.00	6	0.00
chr19	41283057	41285056	SP1	3100.00	6	0.00
chr19	41768541	41771043	SP1	3100.00	2	0.00
chr19	41903120	41904646	SP1	2010.39	2	0.00
chr19	41945185	41946531	SP1	1882.09	2	0.00
chr19	42578818	42580437	SP1	2304.15	3	0.00
chr19	42720663	42722486	SP1	1616.60	2	0.00
chr19	42723792	42725164	SP1	1955.86	4	0.00
chr19	42771925	42774163	SP1	3100.00	2	0.00
chr19	42783666	42784924	SP1	1334.43	3	0.00
chr19	42805946	42807391	SP1	1230.16	3	0.00
chr19	42900035	42902246	SP1	3100.00	4	0.00
chr19	42926839	42928461	SP1	2814.61	6	0.00
chr19	43966916	43968577	SP1	835.39	2	0.00
chr19	44171782	44173587	SP1	1587.41	2	0.00
chr19	45146647	45147892	SP1	1247.38	2	0.00
chr19	45249990	45251578	SP1	1514.67	2	0.00
chr19	45393234	45394706	SP1	3100.00	1	0.00
chr19	45417944	45418753	SP1	739.04	2	0.00
chr19	45511449	45512482	SP1	682.14	2	0.00
chr19	45595729	45597077	SP1	1716.95	3	0.00
chr19	45680835	45682855	SP1	3100.00	5	0.00
chr19	45873302	45874635	SP1	1134.24	2	0.00
chr19	45906462	45910300	SP1	3100.00	6	0.00
chr19	45972361	45973707	SP1	1743.24	2	0.00
chr19	46008883	46011449	SP1	1348.65	2	0.00
chr19	46087057	46088938	SP1	3100.00	5	0.00
chr19	46194381	46197317	SP1	3100.00	4	0.00
chr19	46273372	46274696	SP1	1262.63	3	0.00
chr19	46497301	46499764	SP1	3100.00	8	0.00
chr19	47103570	47104539	SP1	2729.80	4	0.00
chr19	47163856	47165466	SP1	1041.30	2	0.00
chr19	47362896	47364041	SP1	1699.90	2	0.00
chr19	47550912	47552342	SP1	3100.00	7	0.00
chr19	47730187	47731409	SP1	1483.92	2	0.00
chr19	47746755	47747976	SP1	783.40	2	0.00
chr19	47759406	47761424	SP1	1407.39	2	0.00
chr19	47776671	47777939	SP1	1091.78	2	0.00
chr19	48017649	48019187	SP1	3100.00	5	0.00
chr19	48102660	48104375	SP1	1227.65	2	0.00
chr19	48280967	48282500	SP1	1437.17	2	0.00
chr19	48835937	48837079	SP1	2138.25	2	0.00
chr19	48866056	48868273	SP1	3020.72	3	0.00
chr19	48894296	48895409	SP1	1216.41	2	0.00
chr19	48971925	48973754	SP1	3100.00	1	0.00
chr19	49140318	49141968	SP1	3100.00	4	0.00
chr19	49223467	49225196	SP1	2485.90	3	0.00
chr19	49255331	49256500	SP1	2618.03	8	0.00
chr19	49436392	49437849	SP1	839.14	2	0.00
chr19	49496055	49497515	SP1	2265.90	2	0.00
chr19	49559012	49560019	SP1	700.36	3	0.00
chr19	49621505	49622636	SP1	1213.38	3	0.00
chr19	49990056	49991657	SP1	2469.36	3	0.00
chr19	50143311	50145504	SP1	1799.65	2	0.00
chr19	50178947	50180916	SP1	3100.00	1	0.00
chr19	50268787	50270982	SP1	3100.00	1	0.00
chr19	50372193	50373467	SP1	2480.14	3	0.00
chr19	50527835	50529518	SP1	2762.84	2	0.00
chr19	50704808	50707759	SP1	1927.13	3	0.00
chr19	50886380	50888519	SP1	2023.71	3	0.00
chr19	50979328	50980221	SP1	830.19	2	0.00
chr19	51137997	51138922	SP1	581.45	2	0.00
chr19	51182478	51183182	SP1	1135.85	3	0.00
chr19	51227745	51229148	SP1	1344.16	3	0.00
chr19	51307131	51308666	SP1	2096.69	2	0.00
chr19	51897256	51898403	SP1	1390.61	2	0.00
chr19	52692329	52694405	SP1	3100.00	4	0.00
chr19	52772313	52773709	SP1	1055.48	2	0.00
chr19	53439032	53440431	SP1	616.04	2	0.00
chr19	54618394	54619468	SP1	1312.93	2	0.00
chr19	54639814	54642313	SP1	3100.00	1	0.00
chr19	54662432	54664485	SP1	3100.00	5	0.00
chr19	54693473	54695582	SP1	3100.00	4	0.00
chr19	54974689	54976645	SP1	2940.06	4	0.00
chr19	54980464	54981422	SP1	538.11	2	0.00
chr19	55677082	55679075	SP1	3100.00	4	0.00
chr19	55770050	55771348	SP1	3100.00	3	0.00
chr19	55850178	55851445	SP1	3100.00	1	0.00
chr19	55918547	55920452	SP1	2055.56	3	0.00
chr19	55972447	55973758	SP1	3100.00	6	0.00
chr19	55986764	55988628	SP1	1710.49	3	0.00
chr19	56109970	56111637	SP1	1653.50	2	0.00
chr19	56135657	56136945	SP1	1183.26	2	0.00
chr19	58330619	58331658	SP1	1569.56	3	0.00
chr19	58789234	58790974	SP1	2521.09	2	0.00
chr19	58891710	58893537	SP1	2548.74	3	0.00
chr19	58912133	58913529	SP1	1447.15	2	0.00
chr19	58919232	58920846	SP1	2099.80	3	0.00
chr19	58962896	58963687	SP1	874.16	2	0.00
chr2	3605816	3607028	SP1	952.35	2	0.00
chr2	8976934	8978151	SP1	758.42	2	0.00
chr2	8982957	8983662	SP1	600.38	2	0.00
chr2	9770899	9771988	SP1	1604.51	4	0.00
chr2	11605368	11606956	SP1	1839.30	3	0.00
chr2	17699051	17700442	SP1	3100.00	6	0.00
chr2	20250484	20252744	SP1	3100.00	5	0.00
chr2	20645923	20646974	SP1	583.71	2	0.00
chr2	24269860	24271025	SP1	1563.66	2	0.00
chr2	26567980	26569115	SP1	1231.38	3	0.00
chr2	27007805	27009214	SP1	3100.00	4	0.00
chr2	27592348	27594038	SP1	1176.27	2	0.00
chr2	32235753	32236835	SP1	997.80	2	0.00
chr2	32502020	32503269	SP1	1090.48	2	0.00
chr2	38829431	38830925	SP1	2035.02	2	0.00
chr2	38892317	38893890	SP1	1427.43	2	0.00
chr2	43231957	43233744	SP1	1156.78	2	0.00
chr2	43482326	43483639	SP1	792.00	2	0.00
chr2	44222544	44224310	SP1	1406.17	2	0.00
chr2	44394653	44396748	SP1	3100.00	8	0.00
chr2	47595400	47596477	SP1	618.71	2	0.00
chr2	47629516	47631269	SP1	1949.80	2	0.00
chr2	55277315	55279011	SP1	2936.78	3	0.00
chr2	58339994	58340983	SP1	704.93	2	0.00
chr2	61764615	61766447	SP1	3100.00	5	0.00
chr2	62080423	62082787	SP1	2854.73	3	0.00
chr2	62931943	62933398	SP1	3100.00	1	0.00
chr2	64976498	64979411	SP1	2611.14	2	0.00
chr2	65282989	65283786	SP1	3088.59	5	0.00
chr2	65454362	65455163	SP1	1410.05	3	0.00
chr2	65662240	65663149	SP1	577.04	2	0.00
chr2	68693599	68695029	SP1	933.32	2	0.00
chr2	69081786	69082876	SP1	518.75	2	0.00
chr2	69663694	69665284	SP1	778.06	2	0.00
chr2	70141183	70142648	SP1	3100.00	9	0.00
chr2	71453463	71455018	SP1	3100.00	7	0.00
chr2	72371721	72373120	SP1	1455.60	4	0.00
chr2	73142601	73144559	SP1	1765.60	2	0.00
chr2	73298266	73299367	SP1	2799.61	6	0.00
chr2	73460168	73461918	SP1	3100.00	5	0.00
chr2	74405080	74406055	SP1	589.61	2	0.00
chr2	74425016	74426894	SP1	2575.70	3	0.00
chr2	74684740	74686459	SP1	3100.00	4	0.00
chr2	74880825	74882116	SP1	839.92	2	0.00
chr2	76962597	76963290	SP1	644.71	2	0.00
chr2	85821773	85823293	SP1	1920.45	2	0.00
chr2	85842761	85844011	SP1	784.37	2	0.00
chr2	86331930	86334239	SP1	1778.30	2	0.00
chr2	86946885	86947449	SP1	1298.35	6	0.00
chr2	87303512	87304236	SP1	1874.59	9	0.00
chr2	88926022	88928333	SP1	3100.00	1	0.00
chr2	96874125	96875344	SP1	3100.00	6	0.00
chr2	97523130	97524421	SP1	1917.66	4	0.00
chr2	99757169	99758605	SP1	2087.81	3	0.00
chr2	111434951	111436818	SP1	2158.30	3	0.00
chr2	113521659	113522689	SP1	2209.64	3	0.00
chr2	113658514	113660016	SP1	811.18	2	0.00
chr2	120769887	120771628	SP1	3100.00	7	0.00
chr2	121009330	121011178	SP1	1046.79	2	0.00
chr2	128785276	128786046	SP1	882.07	2	0.00
chr2	131851057	131851673	SP1	986.74	3	0.00
chr2	133173447	133175105	SP1	983.71	2	0.00
chr2	136170073	136170941	SP1	609.88	2	0.00
chr2	136287633	136290134	SP1	2678.81	2	0.00
chr2	136633148	136634460	SP1	1171.13	2	0.00
chr2	140939753	140940452	SP1	629.36	2	0.00
chr2	147724340	147725376	SP1	596.99	2	0.00
chr2	153572776	153576253	SP1	3100.00	5	0.00
chr2	157188696	157190233	SP1	1183.75	2	0.00
chr2	172966941	172968609	SP1	941.68	2	0.00
chr2	174218712	174219728	SP1	1291.41	2	0.00
chr2	174829718	174831262	SP1	2748.02	3	0.00
chr2	176032148	176033607	SP1	1889.28	3	0.00
chr2	178076291	178077931	SP1	1513.38	2	0.00
chr2	179315578	179316586	SP1	994.82	2	0.00
chr2	183579527	183581662	SP1	1590.55	2	0.00
chr2	198317386	198319086	SP1	3102.26	3	0.00
chr2	201827590	201829093	SP1	3017.45	3	0.00
chr2	201935487	201937511	SP1	3100.00	4	0.00
chr2	203878959	203880016	SP1	1418.85	2	0.00
chr2	204103430	204104179	SP1	851.76	2	0.00
chr2	208030418	208031299	SP1	995.39	2	0.00
chr2	208489706	208491045	SP1	1140.10	2	0.00
chr2	208575707	208577099	SP1	868.84	2	0.00
chr2	211084611	211085233	SP1	781.95	2	0.00
chr2	219134286	219135924	SP1	3100.00	5	0.00
chr2	219232037	219233477	SP1	754.06	2	0.00
chr2	219260201	219263360	SP1	2583.21	3	0.00
chr2	220093557	220095278	SP1	2086.85	3	0.00
chr2	223520366	223521901	SP1	1411.09	2	0.00
chr2	232570653	232572518	SP1	3100.00	3	0.00
chr2	232572793	232573606	SP1	849.51	2	0.00
chr2	232645339	232646778	SP1	3100.00	1	0.00
chr2	234761660	234763805	SP1	3100.00	3	0.00
chr2	239197324	239197834	SP1	1818.86	2	0.00
chr2	241525179	241526359	SP1	987.37	2	0.00
chr2	241937102	241938019	SP1	552.28	2	0.00
chr2	242003020	242004487	SP1	3100.00	6	0.00
chr2	242088103	242090484	SP1	2332.59	3	0.00
chr2	242823015	242824436	SP1	3100.00	6	0.00
chr20	381463	383290	SP1	2332.52	2	0.00
chr20	813565	815093	SP1	1288.44	2	0.00
chr20	2082250	2083682	SP1	3100.00	5	0.00
chr20	3776290	3777421	SP1	531.33	2	0.00
chr20	3869042	3870772	SP1	1737.09	4	0.00
chr20	5099070	5101543	SP1	2635.98	2	0.00
chr20	8884025	8884652	SP1	812.96	2	0.00
chr20	10414374	10416436	SP1	3100.00	6	0.00
chr20	13975440	13976501	SP1	742.22	2	0.00
chr20	20693232	20694544	SP1	999.93	2	0.00
chr20	21105746	21107900	SP1	1624.51	2	0.00
chr20	23330550	23331815	SP1	1634.38	3	0.00
chr20	30310373	30312524	SP1	3100.00	6	0.00
chr20	32580319	32581709	SP1	1111.44	2	0.00
chr20	33291852	33292956	SP1	550.64	2	0.00
chr20	34329476	34331313	SP1	2229.42	3	0.00
chr20	35064020	35064987	SP1	676.15	2	0.00
chr20	35806352	35808554	SP1	3100.00	1	0.00
chr20	37358626	37360390	SP1	833.57	2	0.00
chr20	37554371	37556238	SP1	3100.00	7	0.00
chr20	39656753	39657702	SP1	1144.79	2	0.00
chr20	42285421	42286791	SP1	1045.27	2	0.00
chr20	43035433	43036931	SP1	1914.54	2	0.00
chr20	43513469	43515295	SP1	927.08	2	0.00
chr20	44044076	44045684	SP1	907.56	2	0.00
chr20	44440553	44442437	SP1	3100.00	6	0.00
chr20	44485428	44486661	SP1	3100.00	9	0.00
chr20	44508863	44510784	SP1	1441.97	2	0.00
chr20	44562585	44563777	SP1	1473.45	3	0.00
chr20	45034590	45036132	SP1	3100.00	7	0.00
chr20	45985041	45988257	SP1	2683.21	2	0.00
chr20	47662502	47663854	SP1	1376.42	2	0.00
chr20	51410699	51411489	SP1	544.19	2	0.00
chr20	56284999	56286225	SP1	1189.28	2	0.00
chr20	56292907	56294680	SP1	3100.00	6	0.00
chr20	60877269	60878110	SP1	685.37	2	0.00
chr20	61847471	61848523	SP1	824.17	2	0.00
chr20	62151091	62152010	SP1	884.26	2	0.00
chr20	62168282	62169494	SP1	904.00	3	0.00
chr20	62495017	62497329	SP1	1190.25	2	0.00
chr20	62587661	62589127	SP1	1029.94	2	0.00
chr21	19191678	19192817	SP1	678.15	2	0.00
chr21	21646645	21647858	SP1	640.27	2	0.00
chr21	30396815	30397911	SP1	2752.35	3	0.00
chr21	35013354	35015101	SP1	3100.00	5	0.00
chr21	35573847	35575630	SP1	1024.64	2	0.00
chr21	37527500	37529333	SP1	1241.27	2	0.00
chr21	38638832	38641029	SP1	1571.51	2	0.00
chr21	43915541	43917394	SP1	1055.94	2	0.00
chr21	44392967	44394637	SP1	1172.17	2	0.00
chr21	47743277	47744412	SP1	3100.00	6	0.00
chr22	17651953	17652533	SP1	903.45	2	0.00
chr22	18376525	18377779	SP1	1056.42	2	0.00
chr22	18483476	18485412	SP1	3100.00	1	0.00
chr22	18916797	18917495	SP1	593.92	2	0.00
chr22	19466543	19468181	SP1	2942.08	4	0.00
chr22	20004245	20005286	SP1	1857.29	4	0.00
chr22	20104173	20104843	SP1	770.10	2	0.00
chr22	20193633	20195003	SP1	1168.80	2	0.00
chr22	21355424	21356976	SP1	2429.83	3	0.00
chr22	21995337	21997340	SP1	1666.95	3	0.00
chr22	24092570	24093161	SP1	761.96	2	0.00
chr22	24180860	24181710	SP1	3100.00	7	0.00
chr22	24191286	24192530	SP1	925.07	2	0.00
chr22	24406674	24408580	SP1	1658.33	2	0.00
chr22	25348722	25349508	SP1	900.37	2	0.00
chr22	29136887	29139061	SP1	1936.62	2	0.00
chr22	29278639	29279373	SP1	748.70	2	0.00
chr22	29663541	29664581	SP1	901.06	2	0.00
chr22	29702140	29703050	SP1	1064.39	3	0.00
chr22	29998474	30000433	SP1	2192.13	4	0.00
chr22	31062665	31065587	SP1	1964.83	2	0.00
chr22	31686035	31687287	SP1	1042.38	2	0.00
chr22	34317142	34318191	SP1	1346.28	2	0.00
chr22	35695348	35697102	SP1	3100.00	1	0.00
chr22	35794933	35796884	SP1	3177.97	4	0.00
chr22	36783205	36785103	SP1	3100.00	1	0.00
chr22	36805573	36806833	SP1	2141.54	2	0.00
chr22	37171383	37173837	SP1	3100.00	1	0.00
chr22	38004049	38005370	SP1	1290.51	2	0.00
chr22	38053519	38054831	SP1	3100.00	6	0.00
chr22	38240181	38241356	SP1	1715.24	3	0.00
chr22	38576308	38578269	SP1	1393.37	2	0.00
chr22	39100957	39102198	SP1	3100.00	4	0.00
chr22	39915052	39917445	SP1	3019.18	2	0.00
chr22	40439299	40441031	SP1	3100.00	7	0.00
chr22	41032386	41033951	SP1	3100.00	6	0.00
chr22	41347181	41348679	SP1	1795.38	3	0.00
chr22	41776122	41778187	SP1	2315.60	2	0.00
chr22	41985214	41986621	SP1	2064.61	3	0.00
chr22	42227646	42229267	SP1	3204.60	4	0.00
chr22	42341505	42344520	SP1	3100.00	9	0.00
chr22	42475446	42476851	SP1	1698.13	3	0.00
chr22	43410563	43412311	SP1	1593.15	3	0.00
chr22	44048331	44049396	SP1	462.66	2	0.00
chr22	44207465	44209301	SP1	3140.80	4	0.00
chr22	50682805	50683759	SP1	566.63	2	0.00
chr3	9690565	9691562	SP1	1278.49	3	0.00
chr3	9833668	9835560	SP1	1877.34	2	0.00
chr3	9884931	9886499	SP1	1477.19	2	0.00
chr3	9974616	9976339	SP1	2178.34	3	0.00
chr3	12485752	12487982	SP1	1969.88	2	0.00
chr3	12704890	12706463	SP1	828.82	2	0.00
chr3	12851103	12852671	SP1	1029.30	2	0.00
chr3	13493004	13494339	SP1	1182.00	2	0.00
chr3	13520808	13521839	SP1	815.53	2	0.00
chr3	14989559	14990146	SP1	1185.25	2	0.00
chr3	15642239	15644118	SP1	1813.04	2	0.00
chr3	27409954	27411317	SP1	1879.18	3	0.00
chr3	27525709	27526559	SP1	758.46	2	0.00
chr3	32726237	32727468	SP1	1033.79	2	0.00
chr3	33481837	33483683	SP1	3100.00	6	0.00
chr3	37034115	37035749	SP1	3100.00	5	0.00
chr3	38065473	38067569	SP1	3058.38	4	0.00
chr3	38205938	38207774	SP1	3219.64	3	0.00
chr3	39423941	39426624	SP1	1573.14	2	0.00
chr3	40350700	40351752	SP1	1267.25	3	0.00
chr3	42622639	42624801	SP1	1649.00	2	0.00
chr3	44379042	44381042	SP1	1775.40	2	0.00
chr3	48130061	48131146	SP1	2934.25	6	0.00
chr3	48229536	48230875	SP1	1809.22	2	0.00
chr3	48672166	48673840	SP1	2113.35	4	0.00
chr3	48700343	48701909	SP1	2023.50	2	0.00
chr3	49044105	49045557	SP1	1750.06	2	0.00
chr3	49058063	49060116	SP1	2388.32	4	0.00
chr3	49130644	49132829	SP1	3100.00	9	0.00
chr3	49506647	49508122	SP1	963.01	2	0.00
chr3	49760831	49761764	SP1	1314.21	2	0.00
chr3	50273040	50273687	SP1	1276.88	2	0.00
chr3	50358805	50359831	SP1	3100.00	8	0.00
chr3	50606166	50607264	SP1	1083.59	2	0.00
chr3	50648840	50650142	SP1	1352.19	2	0.00
chr3	51421500	51422945	SP1	3100.00	5	0.00
chr3	51974931	51977225	SP1	2689.68	3	0.00
chr3	52090618	52092091	SP1	3100.00	4	0.00
chr3	52187407	52189243	SP1	2533.59	4	0.00
chr3	56590128	56591839	SP1	1074.94	2	0.00
chr3	57788632	57789954	SP1	2256.84	2	0.00
chr3	59578855	59579941	SP1	513.07	2	0.00
chr3	66551462	66552541	SP1	704.80	2	0.00
chr3	86602446	86603593	SP1	741.92	2	0.00
chr3	88107637	88109377	SP1	1737.69	3	0.00
chr3	93698661	93699543	SP1	1543.09	3	0.00
chr3	100119587	100121110	SP1	1169.74	2	0.00
chr3	100210586	100212283	SP1	2150.47	3	0.00
chr3	105586788	105588940	SP1	1319.14	2	0.00
chr3	107241040	107242095	SP1	1654.89	2	0.00
chr3	113415474	113416276	SP1	2625.13	4	0.00
chr3	114865320	114867095	SP1	1524.58	3	0.00
chr3	118431961	118432658	SP1	607.63	2	0.00
chr3	119041369	119042567	SP1	712.76	2	0.00
chr3	119813218	119815151	SP1	3100.00	9	0.00
chr3	121467387	121469620	SP1	3100.00	4	0.00
chr3	126076402	126077150	SP1	576.12	2	0.00
chr3	126422043	126423861	SP1	1820.94	4	0.00
chr3	126700906	126701836	SP1	609.97	2	0.00
chr3	127841452	127843760	SP1	2127.72	3	0.00
chr3	128206014	128207307	SP1	693.16	2	0.00
chr3	128902188	128903400	SP1	906.62	2	0.00
chr3	128996905	128998356	SP1	711.32	2	0.00
chr3	129158125	129159827	SP1	1476.48	2	0.00
chr3	129344813	129346199	SP1	810.59	2	0.00
chr3	131100122	131101283	SP1	1963.54	4	0.00
chr3	136580404	136581791	SP1	1324.02	2	0.00
chr3	140659938	140660926	SP1	1809.68	4	0.00
chr3	149529975	149531698	SP1	1359.56	2	0.00
chr3	152878142	152880205	SP1	3100.00	5	0.00
chr3	155571917	155573497	SP1	1242.66	2	0.00
chr3	156271967	156273742	SP1	2889.86	4	0.00
chr3	160393015	160395345	SP1	1438.04	2	0.00
chr3	167452433	167454083	SP1	1961.96	2	0.00
chr3	171661016	171662868	SP1	1140.56	2	0.00
chr3	178303637	178304694	SP1	458.12	2	0.00
chr3	179279492	179280995	SP1	3100.00	9	0.00
chr3	185826769	185828221	SP1	3224.61	4	0.00
chr3	186287614	186289012	SP1	1640.19	2	0.00
chr3	187462776	187463917	SP1	814.94	2	0.00
chr3	195163102	195164995	SP1	3100.00	6	0.00
chr3	195807955	195809818	SP1	1054.92	2	0.00
chr3	196014304	196015726	SP1	1180.20	2	0.00
chr3	197280927	197282812	SP1	941.47	2	0.00
chr3	197463244	197464360	SP1	1483.84	3	0.00
chr3	197686113	197688283	SP1	1750.71	2	0.00
chr4	330796	331939	SP1	813.64	2	0.00
chr4	466982	468707	SP1	3022.00	4	0.00
chr4	775217	776750	SP1	3100.00	1	0.00
chr4	1282800	1284256	SP1	1016.80	2	0.00
chr4	1340408	1341679	SP1	1062.75	3	0.00
chr4	2263802	2264612	SP1	727.63	2	0.00
chr4	2470192	2471778	SP1	3052.35	4	0.00
chr4	3956571	3958190	SP1	1480.21	4	0.00
chr4	4543030	4544616	SP1	823.50	2	0.00
chr4	6270507	6271973	SP1	2551.70	5	0.00
chr4	7044376	7045020	SP1	1141.63	3	0.00
chr4	7069228	7070894	SP1	2408.89	2	0.00
chr4	8159409	8160403	SP1	560.82	2	0.00
chr4	18023488	18024608	SP1	1145.25	2	0.00
chr4	19722869	19723471	SP1	855.26	2	0.00
chr4	26321257	26322709	SP1	3100.00	5	0.00
chr4	35531391	35532427	SP1	621.71	2	0.00
chr4	39528580	39530397	SP1	1518.00	3	0.00
chr4	39977661	39978869	SP1	996.64	3	0.00
chr4	40631077	40633171	SP1	2254.39	2	0.00
chr4	42658596	42660026	SP1	1372.44	3	0.00
chr4	48781835	48783655	SP1	3100.00	7	0.00
chr4	52708470	52709632	SP1	3100.00	1	0.00
chr4	53587788	53589036	SP1	1447.28	2	0.00
chr4	56718917	56720748	SP1	1114.13	2	0.00
chr4	57300903	57303183	SP1	1947.87	2	0.00
chr4	59287934	59288910	SP1	528.04	2	0.00
chr4	78077369	78079047	SP1	1806.69	2	0.00
chr4	83820423	83822854	SP1	2886.75	2	0.00
chr4	85419686	85421075	SP1	1672.84	4	0.00
chr4	85503404	85505719	SP1	1119.15	2	0.00
chr4	87812163	87814129	SP1	1492.17	2	0.00
chr4	87927528	87929134	SP1	1375.47	2	0.00
chr4	89204939	89206200	SP1	2007.34	3	0.00
chr4	100871107	100872627	SP1	875.97	2	0.00
chr4	104118798	104120102	SP1	1769.75	3	0.00
chr4	111543340	111544880	SP1	1126.16	2	0.00
chr4	120375169	120376358	SP1	990.00	4	0.00
chr4	122744347	122745735	SP1	1153.78	2	0.00
chr4	129208802	129210150	SP1	1026.79	2	0.00
chr4	129731938	129732752	SP1	736.51	2	0.00
chr4	134562066	134563154	SP1	560.84	2	0.00
chr4	141072260	141073941	SP1	1330.98	2	0.00
chr4	141293855	141295564	SP1	1629.71	2	0.00
chr4	148604585	148606062	SP1	1146.52	2	0.00
chr4	149362767	149364532	SP1	2127.97	3	0.00
chr4	151936961	151937949	SP1	641.58	2	0.00
chr4	156835615	156836858	SP1	1368.93	2	0.00
chr4	156839543	156841240	SP1	1808.15	2	0.00
chr4	166033169	166034782	SP1	2451.14	3	0.00
chr4	166247628	166250132	SP1	3100.00	9	0.00
chr4	170947766	170949334	SP1	1214.37	2	0.00
chr4	174255017	174256783	SP1	3100.00	6	0.00
chr4	184425487	184426851	SP1	1517.35	4	0.00
chr4	185269410	185270477	SP1	1416.09	2	0.00
chr4	185654261	185656133	SP1	3100.00	4	0.00
chr4	186063265	186064464	SP1	616.04	2	0.00
chr4	186316643	186318592	SP1	1485.12	2	0.00
chr5	270570	271817	SP1	877.05	2	0.00
chr5	31531087	31533490	SP1	3100.00	3	0.00
chr5	32313056	32314173	SP1	3100.00	7	0.00
chr5	43312668	43314761	SP1	3100.00	8	0.00
chr5	44808154	44810086	SP1	1613.08	2	0.00
chr5	71603132	71604963	SP1	1594.77	2	0.00
chr5	74631293	74633828	SP1	3100.00	7	0.00
chr5	75012307	75013899	SP1	3100.00	4	0.00
chr5	89704759	89707000	SP1	1893.13	2	0.00
chr5	95998387	95999571	SP1	1594.47	2	0.00
chr5	96269885	96272257	SP1	3100.00	3	0.00
chr5	98108337	98110321	SP1	1894.48	2	0.00
chr5	108083522	108085596	SP1	3109.20	4	0.00
chr5	110847776	110849156	SP1	2597.47	2	0.00
chr5	112311693	112313230	SP1	2707.52	2	0.00
chr5	118405578	118407787	SP1	2574.27	3	0.00
chr5	131131767	131133765	SP1	1820.98	2	0.00
chr5	131629456	131630560	SP1	1155.79	3	0.00
chr5	133706325	133707932	SP1	1525.69	2	0.00
chr5	134072833	134074480	SP1	1149.06	2	0.00
chr5	137089182	137091152	SP1	2447.54	2	0.00
chr5	137513417	137515528	SP1	2841.32	2	0.00
chr5	137548285	137549629	SP1	3100.00	4	0.00
chr5	137672544	137674273	SP1	3100.00	7	0.00
chr5	137799319	137801614	SP1	1775.19	2	0.00
chr5	137877770	137879943	SP1	3100.00	3	0.00
chr5	137910046	137912068	SP1	2116.52	2	0.00
chr5	138739191	138740718	SP1	3228.29	2	0.00
chr5	139779555	139782656	SP1	3100.00	1	0.00
chr5	140026251	140028352	SP1	1006.94	2	0.00
chr5	142149030	142150248	SP1	1730.57	2	0.00
chr5	145582277	145583900	SP1	3100.00	8	0.00
chr5	145826106	145828169	SP1	3100.00	8	0.00
chr5	148736884	148738171	SP1	1832.68	3	0.00
chr5	149339767	149341527	SP1	3100.00	5	0.00
chr5	150137269	150139234	SP1	3100.00	5	0.00
chr5	151149782	151152314	SP1	3100.00	1	0.00
chr5	159545979	159547930	SP1	3100.00	1	0.00
chr5	162863853	162865581	SP1	2060.35	2	0.00
chr5	162930911	162933584	SP1	2477.35	2	0.00
chr5	172482300	172483477	SP1	1184.84	2	0.00
chr5	172483869	172485478	SP1	3100.00	5	0.00
chr5	173314372	173315957	SP1	1613.08	3	0.00
chr5	175814816	175816614	SP1	3111.47	3	0.00
chr5	175962927	175965840	SP1	3100.00	3	0.00
chr5	176738494	176740167	SP1	2591.94	4	0.00
chr5	176777714	176779443	SP1	3100.00	5	0.00
chr5	176852519	176853775	SP1	3100.00	7	0.00
chr5	177580070	177581313	SP1	712.77	2	0.00
chr5	177630868	177631768	SP1	1609.66	2	0.00
chr5	179125413	179127016	SP1	3100.00	6	0.00
chr5	179158723	179160058	SP1	1987.47	3	0.00
chr5	179245676	179248112	SP1	1603.85	2	0.00
chr6	8101925	8103378	SP1	1890.67	2	0.00
chr6	10721093	10722561	SP1	876.74	2	0.00
chr6	13574547	13575641	SP1	1105.09	2	0.00
chr6	15245524	15246464	SP1	1453.23	2	0.00
chr6	24668092	24669767	SP1	1439.92	2	0.00
chr6	24720244	24722501	SP1	3144.60	3	0.00
chr6	26421011	26422246	SP1	1943.14	2	0.00
chr6	27099332	27101476	SP1	3100.00	3	0.00
chr6	27774897	27778022	SP1	1678.67	2	0.00
chr6	27832411	27836218	SP1	2249.61	2	0.00
chr6	33421350	33422981	SP1	1921.61	2	0.00
chr6	35309559	35310751	SP1	661.85	2	0.00
chr6	37224985	37226147	SP1	3100.00	6	0.00
chr6	38670016	38671832	SP1	1449.96	2	0.00
chr6	39196832	39198309	SP1	1631.74	3	0.00
chr6	41039642	41041605	SP1	1428.97	2	0.00
chr6	42896427	42897973	SP1	3100.00	9	0.00
chr6	42951151	42952559	SP1	1460.69	2	0.00
chr6	43138128	43139139	SP1	1337.42	3	0.00
chr6	43894063	43896080	SP1	2004.87	2	0.00
chr6	44213755	44215480	SP1	1851.52	2	0.00
chr6	52149014	52150778	SP1	3100.00	3	0.00
chr6	52528211	52529792	SP1	1519.21	2	0.00
chr6	53409675	53410468	SP1	848.37	2	0.00
chr6	57086351	57087621	SP1	989.41	2	0.00
chr6	64281534	64282860	SP1	677.39	2	0.00
chr6	80246522	80247857	SP1	2201.63	2	0.00
chr6	80713986	80714913	SP1	1487.00	3	0.00
chr6	82956466	82959139	SP1	3100.00	3	0.00
chr6	90538831	90540401	SP1	1102.34	2	0.00
chr6	95670502	95671201	SP1	669.16	2	0.00
chr6	107076740	107078431	SP1	3081.30	4	0.00
chr6	109169374	109170517	SP1	784.14	2	0.00
chr6	111136496	111137963	SP1	2297.66	2	0.00
chr6	111194901	111196397	SP1	1165.21	2	0.00
chr6	112194477	112195551	SP1	895.51	2	0.00
chr6	116891262	116893226	SP1	2804.28	3	0.00
chr6	134495738	134497031	SP1	1245.54	2	0.00
chr6	136570674	136572717	SP1	3100.00	4	0.00
chr6	136930559	136932306	SP1	1572.97	2	0.00
chr6	139695237	139697358	SP1	2248.88	2	0.00
chr6	150262688	150263412	SP1	769.60	2	0.00
chr6	150325474	150327379	SP1	1720.93	3	0.00
chr6	151772407	151774533	SP1	1267.75	2	0.00
chr6	153303693	153305788	SP1	3077.26	4	0.00
chr6	160147134	160148434	SP1	1722.50	2	0.00
chr6	160182914	160184589	SP1	3100.00	7	0.00
chr6	160210073	160212578	SP1	3100.00	3	0.00
chr6	162119515	162120593	SP1	556.23	2	0.00
chr6	167040645	167041877	SP1	2084.16	4	0.00
chr7	1177665	1178972	SP1	2098.58	4	0.00
chr7	1198960	1200670	SP1	935.99	2	0.00
chr7	2392892	2394565	SP1	2615.95	3	0.00
chr7	2670845	2671487	SP1	1200.31	2	0.00
chr7	4814420	4815881	SP1	1600.83	2	0.00
chr7	5463718	5466539	SP1	2285.32	2	0.00
chr7	6048347	6049198	SP1	2685.44	3	0.00
chr7	6542352	6544060	SP1	3100.00	2	0.00
chr7	7679116	7681841	SP1	3100.00	2	0.00
chr7	8007266	8008690	SP1	3100.00	5	0.00
chr7	16683811	16686491	SP1	3100.00	4	0.00
chr7	21466073	21467559	SP1	1986.37	2	0.00
chr7	23053352	23054764	SP1	3100.00	6	0.00
chr7	25900973	25903018	SP1	3100.00	6	0.00
chr7	27701634	27704155	SP1	2258.25	3	0.00
chr7	30065422	30068293	SP1	3100.00	4	0.00
chr7	30543555	30545417	SP1	3100.00	3	0.00
chr7	33168322	33170046	SP1	1551.04	2	0.00
chr7	36192045	36193345	SP1	1203.21	2	0.00
chr7	38217213	38218517	SP1	2732.05	4	0.00
chr7	44161955	44164131	SP1	2774.40	3	0.00
chr7	44645261	44647187	SP1	2208.51	2	0.00
chr7	44835489	44837217	SP1	2358.46	4	0.00
chr7	44886156	44888830	SP1	3100.00	8	0.00
chr7	48074762	48075713	SP1	790.30	2	0.00
chr7	56018754	56020191	SP1	903.81	2	0.00
chr7	56173596	56175141	SP1	1709.37	2	0.00
chr7	64022725	64024463	SP1	2114.13	3	0.00
chr7	64125780	64126912	SP1	2019.28	4	0.00
chr7	65214855	65216677	SP1	2294.34	3	0.00
chr7	65540236	65541800	SP1	1714.79	3	0.00
chr7	66093051	66094020	SP1	3100.00	7	0.00
chr7	66459918	66462431	SP1	3100.00	4	0.00
chr7	66767129	66768266	SP1	2215.18	3	0.00
chr7	72298071	72301136	SP1	2605.26	3	0.00
chr7	72649258	72650275	SP1	1404.95	1	0.00
chr7	72936254	72937394	SP1	2522.79	5	0.00
chr7	73037224	73038886	SP1	806.98	2	0.00
chr7	75115066	75116074	SP1	747.20	3	0.00
chr7	75543106	75545393	SP1	2501.46	4	0.00
chr7	75623361	75624971	SP1	2465.98	3	0.00
chr7	75946371	75948841	SP1	2426.41	2	0.00
chr7	76008557	76010201	SP1	975.82	2	0.00
chr7	76750787	76752802	SP1	1343.08	2	0.00
chr7	77324783	77326398	SP1	2858.72	2	0.00
chr7	77426986	77429220	SP1	3100.00	1	0.00
chr7	91762345	91765439	SP1	3100.00	6	0.00
chr7	97880235	97882442	SP1	3100.00	6	0.00
chr7	99069573	99070880	SP1	2166.06	3	0.00
chr7	99101495	99103295	SP1	3100.00	4	0.00
chr7	99213990	99215090	SP1	1517.15	2	0.00
chr7	99745680	99747506	SP1	3100.00	3	0.00
chr7	99932780	99934121	SP1	978.09	3	0.00
chr7	100135659	100137215	SP1	3100.00	5	0.00
chr7	100182336	100185283	SP1	3100.00	1	0.00
chr7	100209364	100211058	SP1	3100.00	5	0.00
chr7	100270545	100271424	SP1	1407.65	2	0.00
chr7	106808197	106810526	SP1	3100.00	9	0.00
chr7	111845525	111847708	SP1	3100.00	5	0.00
chr7	112579486	112580635	SP1	1529.27	2	0.00
chr7	127291259	127293639	SP1	2308.05	2	0.00
chr7	129073436	129075187	SP1	3059.64	3	0.00
chr7	129419460	129421265	SP1	1166.51	2	0.00
chr7	129709319	129711326	SP1	3100.00	4	0.00
chr7	130079943	130081861	SP1	2153.62	3	0.00
chr7	132765700	132767828	SP1	1893.87	2	0.00
chr7	132936939	132938711	SP1	2653.60	2	0.00
chr7	134329432	134332445	SP1	3100.00	6	0.00
chr7	137685722	137688054	SP1	3100.00	4	0.00
chr7	148724782	148727018	SP1	3100.00	4	0.00
chr7	148786782	148788391	SP1	822.68	2	0.00
chr7	148981714	148982979	SP1	1885.34	3	0.00
chr7	150074197	150077335	SP1	2435.83	2	0.00
chr7	150724769	150726593	SP1	3100.00	5	0.00
chr7	151216726	151217994	SP1	1508.29	2	0.00
chr7	152372334	152374000	SP1	1532.51	2	0.00
chr7	158622205	158623156	SP1	959.16	2	0.00
chr8	680255	681932	SP1	1657.21	2	0.00
chr8	8084697	8086632	SP1	1485.96	2	0.00
chr8	9008191	9009681	SP1	3100.00	5	0.00
chr8	9412828	9414472	SP1	1588.56	3	0.00
chr8	10696335	10697867	SP1	1662.98	2	0.00
chr8	11659181	11661285	SP1	3100.00	1	0.00
chr8	19674271	19675873	SP1	2143.12	4	0.00
chr8	21945762	21946648	SP1	662.91	2	0.00
chr8	21997990	21999866	SP1	2164.93	2	0.00
chr8	22102110	22103776	SP1	1723.91	3	0.00
chr8	22525806	22527604	SP1	1084.24	2	0.00
chr8	22925970	22927498	SP1	848.11	2	0.00
chr8	23385419	23386760	SP1	1139.08	2	0.00
chr8	25315699	25317048	SP1	3100.00	9	0.00
chr8	28347414	28350251	SP1	3100.00	5	0.00
chr8	37619451	37620766	SP1	3100.00	5	0.00
chr8	38033319	38035124	SP1	1727.20	2	0.00
chr8	38853168	38854857	SP1	1404.01	2	0.00
chr8	41347272	41348347	SP1	1298.43	2	0.00
chr8	41386256	41387470	SP1	1920.86	3	0.00
chr8	42009372	42010691	SP1	3100.00	1	0.00
chr8	42947925	42949444	SP1	684.58	2	0.00
chr8	43086590	43087699	SP1	516.14	2	0.00
chr8	48872813	48873797	SP1	1003.84	2	0.00
chr8	66545661	66547321	SP1	2033.52	2	0.00
chr8	71314092	71314868	SP1	3100.00	5	0.00
chr8	71580444	71581446	SP1	1039.71	2	0.00
chr8	74790723	74791883	SP1	1394.74	2	0.00
chr8	79472813	79473777	SP1	566.46	2	0.00
chr8	84837228	84838109	SP1	629.48	2	0.00
chr8	87354202	87355523	SP1	1584.34	4	0.00
chr8	88183606	88184847	SP1	640.68	2	0.00
chr8	98845758	98846667	SP1	717.28	2	0.00
chr8	103250423	103252352	SP1	1153.65	2	0.00
chr8	103424846	103426454	SP1	1129.17	2	0.00
chr8	107669206	107670448	SP1	1341.58	2	0.00
chr8	113281034	113282092	SP1	663.38	2	0.00
chr8	118532253	118533265	SP1	2182.23	4	0.00
chr8	124428254	124430281	SP1	2660.43	2	0.00
chr8	127569787	127571177	SP1	1375.97	3	0.00
chr8	141467202	141468919	SP1	2140.79	6	0.00
chr8	141473858	141475176	SP1	3033.57	4	0.00
chr8	143820277	143821580	SP1	710.67	2	0.00
chr8	144152044	144153434	SP1	1104.75	2	0.00
chr8	144450207	144451637	SP1	713.29	2	0.00
chr8	144679197	144679901	SP1	832.02	3	0.00
chr8	145023900	145024748	SP1	581.95	2	0.00
chr8	145158767	145160216	SP1	3100.00	1	0.00
chr8	145692053	145693751	SP1	1203.66	2	0.00
chr8	146077857	146079126	SP1	785.49	2	0.00
chr9	2014295	2015952	SP1	2141.58	3	0.00
chr9	4634120	4634850	SP1	640.74	2	0.00
chr9	6756449	6758366	SP1	1476.12	2	0.00
chr9	15306599	15307684	SP1	1873.36	3	0.00
chr9	18816867	18817707	SP1	606.84	2	0.00
chr9	27572924	27574606	SP1	843.00	2	0.00
chr9	33472877	33475046	SP1	3019.46	4	0.00
chr9	34328533	34330600	SP1	3100.00	3	0.00
chr9	34376053	34377772	SP1	1461.13	2	0.00
chr9	34988849	34989901	SP1	3100.00	1	0.00
chr9	35071746	35073396	SP1	3100.00	6	0.00
chr9	35095493	35096775	SP1	679.55	2	0.00
chr9	35115487	35117257	SP1	2612.42	4	0.00
chr9	35813581	35815994	SP1	3100.00	7	0.00
chr9	37464661	37466656	SP1	3100.00	1	0.00
chr9	37485744	37486464	SP1	651.80	2	0.00
chr9	74525535	74527218	SP1	2130.71	3	0.00
chr9	80911206	80912862	SP1	3100.00	6	0.00
chr9	80942711	80943870	SP1	878.66	2	0.00
chr9	82185953	82187273	SP1	3100.00	5	0.00
chr9	86593923	86596187	SP1	3181.03	3	0.00
chr9	91925149	91926344	SP1	1235.55	3	0.00
chr9	95055430	95056598	SP1	3100.00	3	0.00
chr9	95086943	95088666	SP1	1667.79	2	0.00
chr9	95527154	95528363	SP1	1081.47	2	0.00
chr9	97316130	97318533	SP1	1548.58	2	0.00
chr9	98269347	98270486	SP1	1560.60	2	0.00
chr9	99180330	99181133	SP1	864.37	2	0.00
chr9	99328668	99330072	SP1	1097.55	2	0.00
chr9	99382068	99383377	SP1	989.46	2	0.00
chr9	100394542	100396665	SP1	1655.58	2	0.00
chr9	116163118	116164242	SP1	2414.84	4	0.00
chr9	123476067	123477920	SP1	1255.39	2	0.00
chr9	125590266	125591471	SP1	992.30	2	0.00
chr9	125693055	125694578	SP1	1407.05	2	0.00
chr9	127533527	127534584	SP1	1120.84	2	0.00
chr9	127596406	127598270	SP1	1098.58	2	0.00
chr9	127623843	127625359	SP1	1210.20	2	0.00
chr9	127630430	127631800	SP1	617.62	2	0.00
chr9	127905602	127906849	SP1	1073.45	2	0.00
chr9	128002856	128004806	SP1	3100.00	6	0.00
chr9	129986179	129987180	SP1	943.68	2	0.00
chr9	130158645	130159630	SP1	3100.00	9	0.00
chr9	130461264	130462044	SP1	867.17	2	0.00
chr9	130477666	130478884	SP1	2280.89	3	0.00
chr9	130532625	130534353	SP1	1155.65	2	0.00
chr9	130828936	130831195	SP1	3100.00	1	0.00
chr9	131012020	131013038	SP1	970.60	2	0.00
chr9	131038002	131039173	SP1	860.39	2	0.00
chr9	131217896	131219021	SP1	759.87	2	0.00
chr9	131397570	131398435	SP1	745.87	2	0.00
chr9	131485743	131487049	SP1	1149.72	2	0.00
chr9	131797952	131799427	SP1	3100.00	5	0.00
chr9	131842212	131844370	SP1	3100.00	1	0.00
chr9	131940052	131941650	SP1	3066.93	5	0.00
chr9	131964440	131965548	SP1	597.07	2	0.00
chr9	132387969	132389092	SP1	919.10	2	0.00
chr9	133587501	133589032	SP1	3100.00	6	0.00
chr9	134247925	134249513	SP1	3100.00	8	0.00
chr9	135819430	135820391	SP1	809.41	2	0.00
chr9	135904798	135906985	SP1	3100.00	6	0.00
chr9	136202299	136203639	SP1	1495.54	2	0.00
chr9	136271238	136272559	SP1	837.24	2	0.00
chr9	136343348	136345018	SP1	1630.64	3	0.00
chr9	139440539	139441405	SP1	793.14	2	0.00
chr9	139743405	139744111	SP1	3100.00	8	0.00
chr9	139779792	139781668	SP1	2285.89	5	0.00
chr9	139843728	139845093	SP1	1759.84	4	0.00
chr9	139916192	139917323	SP1	1135.62	2	0.00
chr9	140095223	140095727	SP1	1547.65	6	0.00
chr9	140134501	140135932	SP1	2902.51	5	0.00
chr9	140171485	140172816	SP1	881.72	2	0.00
chr9	140511734	140513311	SP1	1090.48	2	0.00
chrX	1571021	1572138	SP1	627.74	2	0.00
chrX	14891113	14892017	SP1	1504.33	5	0.00
chrX	15353219	15354290	SP1	1276.40	3	0.00
chrX	18443333	18444140	SP1	1269.92	5	0.00
chrX	19361088	19362825	SP1	1044.03	2	0.00
chrX	20159492	20160654	SP1	656.10	2	0.00
chrX	24072277	24073818	SP1	974.50	4	0.00
chrX	37705863	37707299	SP1	741.74	3	0.00
chrX	40439249	40440340	SP1	949.18	4	0.00
chrX	41944558	41945481	SP1	546.08	2	0.00
chrX	43566335	43567889	SP1	946.71	2	0.00
chrX	44164979	44166097	SP1	846.33	2	0.00
chrX	46988426	46989222	SP1	1996.51	5	0.00
chrX	47076597	47078206	SP1	1508.29	2	0.00
chrX	47415389	47416385	SP1	1340.34	3	0.00
chrX	47420046	47421262	SP1	2115.54	4	0.00
chrX	47509678	47510860	SP1	1641.29	5	0.00
chrX	48379317	48380379	SP1	1046.54	4	0.00
chrX	48397658	48398523	SP1	567.18	2	0.00
chrX	48534074	48535162	SP1	1309.17	6	0.00
chrX	48659567	48661195	SP1	2815.41	6	0.00
chrX	48754397	48756043	SP1	3100.00	1	0.00
chrX	48814842	48816631	SP1	2079.01	3	0.00
chrX	48853323	48854600	SP1	761.70	2	0.00
chrX	48858523	48859198	SP1	678.57	2	0.00
chrX	48957184	48959060	SP1	1518.00	4	0.00
chrX	49020176	49020897	SP1	611.28	2	0.00
chrX	49047128	49048466	SP1	3100.00	1	0.00
chrX	49091694	49092693	SP1	712.54	2	0.00
chrX	49125305	49126362	SP1	3100.00	6	0.00
chrX	52949628	52950736	SP1	772.62	2	0.00
chrX	53122286	53124057	SP1	2018.30	5	0.00
chrX	62974769	62975474	SP1	3100.00	9	0.00
chrX	68834802	68836425	SP1	801.31	3	0.00
chrX	69653520	69654829	SP1	783.65	2	0.00
chrX	70473785	70474661	SP1	1415.32	4	0.00
chrX	71400943	71401895	SP1	1441.52	3	0.00
chrX	73833961	73835269	SP1	841.30	2	0.00
chrX	74493461	74494594	SP1	978.39	2	0.00
chrX	80376428	80377619	SP1	725.16	2	0.00
chrX	84258412	84259121	SP1	706.37	2	0.00
chrX	100352263	100353376	SP1	989.69	2	0.00
chrX	102434433	102435456	SP1	667.13	3	0.00
chrX	102940927	102942643	SP1	1851.74	4	0.00
chrX	103400998	103402166	SP1	917.73	3	0.00
chrX	106045596	106046434	SP1	539.19	2	0.00
chrX	107334674	107335431	SP1	789.39	3	0.00
chrX	112084318	112085244	SP1	1109.65	4	0.00
chrX	118108106	118109321	SP1	877.47	2	0.00
chrX	119019601	119020898	SP1	1180.71	5	0.00
chrX	123691236	123692265	SP1	665.18	3	0.00
chrX	129299158	129300837	SP1	3100.00	6	0.00
chrX	133980206	133981210	SP1	724.09	3	0.00
chrX	151999106	152000670	SP1	2184.88	5	0.00
chrX	152735452	152736270	SP1	1018.44	4	0.00
chrX	153059015	153060357	SP1	817.73	2	0.00
chrX	153236851	153237601	SP1	721.42	3	0.00
chrX	153606387	153607926	SP1	1311.11	4	0.00
chrX	153707210	153707713	SP1	1461.25	4	0.00
chrX	154443723	154445198	SP1	2251.07	4	0.00
chrY	17536224	17537301	SP1	656.76	2	0.00
